27 4.967039585113525 Robot: (22, 31, [0, 0, 1, 0]) Solution: [22, 31] [0, 0, 1, 0]
20 3.5950887203216553 Robot: (50, 14, [0, 1, 0, 1]) Solution: [50, 14] [0, 1, 0, 1]
24 4.707620143890381 Robot: (135, 17, [0, 0, 1, 1]) Solution: [135, 17] [0, 0, 1, 1]
30 5.503318548202515 Robot: (143, 2, [0, 1, 0, 1]) Solution: [143, 2] [0, 1, 0, 1]
26 4.877671241760254 Robot: (105, 48, [0, 1, 0, 0]) Solution: [105, 48] [0, 1, 0, 0]
29 5.358940124511719 Robot: (93, 19, [0, 0, 0, 1]) Solution: [93, 19] [0, 0, 0, 1]
12 2.196671485900879 Robot: (63, 13, [0, 0, 0, 0]) Solution: [63, 13] [0, 0, 0, 0]
16 3.0645689964294434 Robot: (142, 21, [0, 0, 1, 0]) Solution: [142, 21] [0, 0, 1, 0]
27 5.079759120941162 Robot: (47, 24, [0, 0, 0, 1]) Solution: [47, 24] [0, 0, 0, 1]
21 3.83134126663208 Robot: (73, 48, [0, 0, 0, 1]) Solution: [73, 48] [0, 0, 0, 1]
21 3.84423828125 Robot: (141, 33, [0, 0, 1, 0]) Solution: [141, 33] [0, 0, 1, 0]
16 3.0559048652648926 Robot: (46, 23, [1, 0, 1, 0]) Solution: [46, 23] [1, 0, 1, 0]
26 5.083816289901733 Robot: (57, 13, [0, 1, 0, 1]) Solution: [57, 13] [0, 1, 0, 1]
29 6.297702789306641 Robot: (123, 9, [0, 0, 0, 0]) Solution: [123, 9] [0, 0, 0, 0]
16 2.86360239982605 Robot: (19, 27, [0, 0, 1, 0]) Solution: [19, 27] [0, 0, 1, 0]
32 5.6920905113220215 Robot: (105, 47, [1, 0, 0, 0]) Solution: [105, 47] [1, 0, 0, 0]
21 3.7838594913482666 Robot: (124, 17, [0, 0, 0, 0]) Solution: [124, 17] [0, 0, 0, 0]
12 2.1131858825683594 Robot: (124, 30, [1, 0, 0, 1]) Solution: [124, 30] [1, 0, 0, 1]
29 5.064302206039429 Robot: (147, 41, [0, 0, 1, 0]) Solution: [147, 41] [0, 0, 1, 0]
16 2.8138606548309326 Robot: (68, 51, [1, 0, 0, 0]) Solution: [68, 51] [1, 0, 0, 0]
27 4.850245952606201 Robot: (137, 11, [0, 0, 1, 1]) Solution: [137, 11] [0, 0, 1, 1]
9 1.6149940490722656 Robot: (145, 22, [0, 0, 0, 1]) Solution: [145, 22] [0, 0, 0, 1]
34 8.788844108581543 Robot: (19, 48, [0, 1, 0, 1]) Solution: [19, 48] [0, 1, 0, 1]
25 8.607798337936401 Robot: (62, 10, [0, 0, 1, 0]) Solution: [62, 10] [0, 0, 1, 0]
14 4.792564630508423 Robot: (60, 8, [1, 1, 1, 0]) Solution: [60, 8] [1, 1, 1, 0]
21 7.081965923309326 Robot: (147, 41, [0, 0, 1, 0]) Solution: [147, 41] [0, 0, 1, 0]
15 5.2044103145599365 Robot: (74, 47, [1, 0, 0, 0]) Solution: [74, 47] [1, 0, 0, 0]
35 12.243576049804688 Robot: (87, 28, [0, 0, 0, 0]) Solution: [87, 28] [0, 0, 0, 0]
31 10.845509767532349 Robot: (12, 5, [0, 0, 1, 0]) Solution: [12, 5] [0, 0, 1, 0]
32 10.937108993530273 Robot: (40, 38, [0, 0, 0, 1]) Solution: [40, 38] [0, 0, 0, 1]
24 8.098953008651733 Robot: (40, 25, [0, 0, 0, 0]) Solution: [40, 25] [0, 0, 0, 0]
26 5.9437103271484375 Robot: (103, 29, [1, 1, 0, 0]) Solution: [103, 29] [1, 1, 0, 0]
20 5.078779220581055 Robot: (65, 15, [0, 0, 1, 0]) Solution: [65, 15] [0, 0, 1, 0]
14 3.2468552589416504 Robot: (93, 7, [1, 0, 1, 0]) Solution: [93, 7] [1, 0, 1, 0]
14 2.6835718154907227 Robot: (101, 43, [1, 0, 1, 0]) Solution: [101, 43] [1, 0, 1, 0]
27 6.080221176147461 Robot: (21, 35, [0, 0, 0, 1]) Solution: [21, 35] [0, 0, 0, 1]
31 5.452782154083252 Robot: (21, 45, [1, 0, 0, 0]) Solution: [21, 45] [1, 0, 0, 0]
21 3.7023892402648926 Robot: (145, 28, [0, 1, 0, 1]) Solution: [145, 28] [0, 1, 0, 1]
16 2.894326686859131 Robot: (27, 2, [0, 1, 0, 0]) Solution: [27, 2] [0, 1, 0, 0]
18 3.2713515758514404 Robot: (112, 16, [0, 0, 0, 0]) Solution: [112, 16] [0, 0, 0, 0]
20 3.5904011726379395 Robot: (43, 20, [0, 0, 0, 0]) Solution: [43, 20] [0, 0, 0, 0]
13 2.3005805015563965 Robot: (28, 30, [0, 1, 0, 1]) Solution: [28, 30] [0, 1, 0, 1]
29 7.487406492233276 Robot: (11, 30, [0, 1, 0, 1]) Solution: [11, 30] [0, 1, 0, 1]
28 9.836413383483887 Robot: (131, 17, [0, 1, 1, 0]) Solution: [131, 17] [0, 1, 1, 0]
49 17.154431581497192 Robot: (57, 37, [1, 0, 0, 0]) Solution: [57, 37] [1, 0, 0, 0]
37 12.833131551742554 Robot: (33, 49, [1, 0, 0, 0]) Solution: [33, 49] [1, 0, 0, 0]
24 8.131218433380127 Robot: (108, 9, [0, 0, 1, 0]) Solution: [108, 9] [0, 0, 1, 0]
20 6.821597099304199 Robot: (149, 22, [0, 0, 0, 1]) Solution: [149, 22] [0, 0, 0, 1]
22 7.519575595855713 Robot: (149, 19, [0, 0, 0, 1]) Solution: [149, 19] [0, 0, 0, 1]
24 8.134044885635376 Robot: (119, 38, [0, 1, 0, 1]) Solution: [119, 38] [0, 1, 0, 1]
43 16.310531854629517 Robot: (51, 7, [1, 0, 0, 1]) Solution: [51, 7] [1, 0, 0, 1]
27 9.536465167999268 Robot: (79, 23, [0, 0, 1, 1]) Solution: [79, 23] [0, 0, 1, 1]
14 6.733328819274902 Robot: (9, 28, [0, 1, 0, 1]) Solution: [9, 28] [0, 1, 0, 1]
24 8.505908489227295 Robot: (153, 11, [0, 1, 0, 0]) Solution: [153, 11] [0, 1, 0, 0]
87 25.631805658340454 Robot: (81, 33, [1, 0, 1, 0]) Solution: [81, 33] [1, 0, 1, 0]
13 2.327916383743286 Robot: (52, 26, [0, 0, 0, 1]) Solution: [52, 26] [0, 0, 0, 1]
15 3.6409647464752197 Robot: (140, 26, [0, 0, 0, 0]) Solution: [140, 26] [0, 0, 0, 0]
36 12.611866235733032 Robot: (147, 13, [0, 0, 0, 0]) Solution: [147, 13] [0, 0, 0, 0]
31 10.84768271446228 Robot: (59, 39, [1, 0, 0, 0]) Solution: [59, 39] [1, 0, 0, 0]
45 15.559153079986572 Robot: (102, 7, [1, 0, 0, 0]) Solution: [102, 7] [1, 0, 0, 0]
25 8.717164516448975 Robot: (44, 20, [0, 0, 0, 0]) Solution: [44, 20] [0, 0, 0, 0]
15 5.262945890426636 Robot: (88, 19, [1, 0, 0, 0]) Solution: [88, 19] [1, 0, 0, 0]
24 8.248469591140747 Robot: (115, 12, [0, 1, 0, 0]) Solution: [115, 12] [0, 1, 0, 0]
32 10.839775562286377 Robot: (116, 9, [0, 0, 1, 0]) Solution: [116, 9] [0, 0, 1, 0]
16 5.441702127456665 Robot: (109, 25, [0, 0, 0, 1]) Solution: [109, 25] [0, 0, 0, 1]
44 14.962642431259155 Robot: (87, 41, [0, 0, 1, 1]) Solution: [87, 41] [0, 0, 1, 1]
22 7.538033485412598 Robot: (48, 48, [1, 0, 0, 0]) Solution: [48, 48] [1, 0, 0, 0]
32 11.125700950622559 Robot: (119, 5, [0, 0, 0, 0]) Solution: [119, 5] [0, 0, 0, 0]
48 16.66682195663452 Robot: (68, 15, [1, 0, 1, 0]) Solution: [68, 15] [1, 0, 1, 0]
31 10.782860517501831 Robot: (100, 41, [1, 0, 0, 0]) Solution: [100, 41] [1, 0, 0, 0]
23 8.064958095550537 Robot: (85, 44, [0, 0, 0, 1]) Solution: [85, 44] [0, 0, 0, 1]
22 7.576533079147339 Robot: (75, 50, [0, 1, 0, 1]) Solution: [75, 50] [0, 1, 0, 1]
17 5.96641206741333 Robot: (133, 36, [0, 1, 0, 0]) Solution: [133, 36] [0, 1, 0, 0]
21 7.257261037826538 Robot: (75, 35, [0, 1, 0, 0]) Solution: [75, 35] [0, 1, 0, 0]
29 10.253144025802612 Robot: (50, 25, [1, 0, 1, 0]) Solution: [50, 25] [1, 0, 1, 0]
42 14.63312816619873 Robot: (137, 36, [0, 1, 0, 0]) Solution: [137, 36] [0, 1, 0, 0]
18 6.623241901397705 Robot: (59, 25, [0, 1, 0, 1]) Solution: [59, 25] [0, 1, 0, 1]
21 8.66002106666565 Robot: (3, 39, [1, 0, 0, 0]) Solution: [3, 39] [1, 0, 0, 0]
38 12.348713636398315 Robot: (19, 25, [0, 0, 0, 0]) Solution: [19, 25] [0, 0, 0, 0]
69 14.248458623886108 Robot: (151, 5, [0, 1, 1, 0]) Solution: [151, 5] [0, 1, 1, 0]
12 2.4905598163604736 Robot: (86, 43, [0, 0, 0, 0]) Solution: [86, 43] [0, 0, 0, 0]
21 4.225203037261963 Robot: (71, 12, [0, 1, 0, 1]) Solution: [71, 12] [0, 1, 0, 1]
24 5.002309799194336 Robot: (88, 28, [0, 1, 1, 0]) Solution: [88, 28] [0, 1, 1, 0]
23 5.100619077682495 Robot: (135, 28, [0, 1, 0, 1]) Solution: [135, 28] [0, 1, 0, 1]
28 6.998989105224609 Robot: (75, 35, [0, 1, 0, 0]) Solution: [75, 35] [0, 1, 0, 0]
34 11.337942123413086 Robot: (34, 17, [1, 0, 1, 0]) Solution: [34, 17] [1, 0, 1, 0]
18 6.298659324645996 Robot: (134, 27, [1, 0, 1, 0]) Solution: [134, 27] [1, 0, 1, 0]
15 5.2108378410339355 Robot: (46, 46, [0, 1, 0, 0]) Solution: [46, 46] [0, 1, 0, 0]
26 9.128423690795898 Robot: (16, 27, [0, 0, 1, 0]) Solution: [16, 27] [0, 0, 1, 0]
36 12.65383768081665 Robot: (78, 52, [0, 0, 1, 0]) Solution: [78, 52] [0, 0, 1, 0]
27 9.524351119995117 Robot: (117, 51, [0, 0, 0, 1]) Solution: [117, 51] [0, 0, 0, 1]
50 17.102311611175537 Robot: (12, 29, [0, 0, 1, 0]) Solution: [12, 29] [0, 0, 1, 0]
19 6.617457866668701 Robot: (53, 19, [1, 0, 1, 0]) Solution: [53, 19] [1, 0, 1, 0]
12 4.182109117507935 Robot: (100, 12, [0, 0, 1, 1]) Solution: [100, 12] [0, 0, 1, 1]
29 10.135741949081421 Robot: (36, 41, [0, 0, 0, 0]) Solution: [36, 41] [0, 0, 0, 0]
18 6.214136123657227 Robot: (96, 30, [0, 1, 1, 0]) Solution: [96, 30] [0, 1, 1, 0]
24 8.40054440498352 Robot: (1, 27, [1, 0, 1, 1]) Solution: [1, 27] [1, 0, 1, 1]
24 8.400609254837036 Robot: (106, 45, [1, 0, 1, 0]) Solution: [106, 45] [1, 0, 1, 0]
29 10.14477801322937 Robot: (1, 41, [0, 0, 0, 1]) Solution: [1, 41] [0, 0, 0, 1]
33 11.57431697845459 Robot: (55, 16, [0, 0, 0, 1]) Solution: [55, 16] [0, 0, 0, 1]
24 8.41754961013794 Robot: (33, 53, [0, 0, 1, 0]) Solution: [33, 53] [0, 0, 1, 0]
32 11.213876247406006 Robot: (3, 33, [0, 0, 0, 1]) Solution: [3, 33] [0, 0, 0, 1]
17 5.951167106628418 Robot: (43, 46, [0, 0, 0, 1]) Solution: [43, 46] [0, 0, 0, 1]
20 7.0485758781433105 Robot: (132, 4, [0, 0, 0, 1]) Solution: [132, 4] [0, 0, 0, 1]
20 6.918056011199951 Robot: (22, 7, [1, 0, 0, 0]) Solution: [22, 7] [1, 0, 0, 0]
34 10.247645139694214 Robot: (13, 19, [0, 1, 0, 0]) Solution: [13, 19] [0, 1, 0, 0]
19 6.163235425949097 Robot: (73, 45, [0, 1, 1, 0]) Solution: [73, 45] [0, 1, 1, 0]
18 6.340026617050171 Robot: (43, 46, [0, 0, 0, 1]) Solution: [43, 46] [0, 0, 0, 1]
21 7.46096134185791 Robot: (115, 30, [0, 1, 0, 1]) Solution: [115, 30] [0, 1, 0, 1]
23 7.922507047653198 Robot: (36, 19, [0, 0, 1, 0]) Solution: [36, 19] [0, 0, 1, 0]
47 16.169628620147705 Robot: (1, 27, [1, 0, 1, 1]) Solution: [1, 27] [1, 0, 1, 1]
23 7.849823951721191 Robot: (31, 43, [0, 0, 1, 0]) Solution: [31, 43] [0, 0, 1, 0]
45 15.356126308441162 Robot: (105, 50, [0, 1, 0, 1]) Solution: [105, 50] [0, 1, 0, 1]
30 8.515026569366455 Robot: (22, 25, [0, 0, 0, 0]) Solution: [22, 25] [0, 0, 0, 0]
15 5.21967077255249 Robot: (63, 31, [0, 0, 1, 1]) Solution: [63, 31] [0, 0, 1, 1]
24 8.184820175170898 Robot: (91, 35, [1, 0, 0, 0]) Solution: [91, 35] [1, 0, 0, 0]
24 8.149653673171997 Robot: (85, 47, [0, 1, 0, 0]) Solution: [85, 47] [0, 1, 0, 0]
29 7.35384464263916 Robot: (127, 42, [0, 1, 0, 0]) Solution: [127, 42] [0, 1, 0, 0]
28 5.7414162158966064 Robot: (92, 4, [0, 0, 0, 1]) Solution: [92, 4] [0, 0, 0, 1]
26 5.449007749557495 Robot: (91, 27, [1, 1, 0, 1]) Solution: [91, 27] [1, 1, 0, 1]
19 5.973304510116577 Robot: (124, 7, [1, 0, 1, 0]) Solution: [124, 7] [1, 0, 1, 0]
28 9.526516675949097 Robot: (134, 1, [1, 0, 1, 0]) Solution: [134, 1] [1, 0, 1, 0]
13 4.3939948081970215 Robot: (47, 19, [1, 1, 0, 0]) Solution: [47, 19] [1, 1, 0, 0]
19 6.492268085479736 Robot: (63, 43, [0, 0, 1, 0]) Solution: [63, 43] [0, 0, 1, 0]
27 9.217940330505371 Robot: (99, 41, [1, 0, 1, 1]) Solution: [99, 41] [1, 0, 1, 1]
21 7.136560440063477 Robot: (99, 44, [0, 0, 0, 0]) Solution: [99, 44] [0, 0, 0, 0]
18 6.133703231811523 Robot: (63, 42, [0, 1, 0, 1]) Solution: [63, 42] [0, 1, 0, 1]
37 12.580362319946289 Robot: (104, 15, [1, 0, 1, 0]) Solution: [104, 15] [1, 0, 1, 0]
25 8.530116319656372 Robot: (117, 21, [0, 0, 1, 0]) Solution: [117, 21] [0, 0, 1, 0]
11 3.7205004692077637 Robot: (92, 11, [0, 0, 0, 0]) Solution: [92, 11] [0, 0, 0, 0]
20 6.820931673049927 Robot: (132, 40, [0, 0, 0, 1]) Solution: [132, 40] [0, 0, 0, 1]
22 7.465407133102417 Robot: (138, 52, [0, 1, 0, 1]) Solution: [138, 52] [0, 1, 0, 1]
16 5.42221999168396 Robot: (87, 17, [0, 1, 0, 0]) Solution: [87, 17] [0, 1, 0, 0]
26 8.800623655319214 Robot: (85, 33, [0, 0, 0, 0]) Solution: [85, 33] [0, 0, 0, 0]
36 12.214710235595703 Robot: (7, 25, [0, 0, 0, 1]) Solution: [7, 25] [0, 0, 0, 1]
21 7.11605978012085 Robot: (133, 18, [0, 0, 0, 1]) Solution: [133, 18] [0, 0, 0, 1]
24 8.129740476608276 Robot: (61, 1, [1, 0, 1, 0]) Solution: [61, 1] [1, 0, 1, 0]
18 6.109811782836914 Robot: (63, 9, [0, 0, 0, 0]) Solution: [63, 9] [0, 0, 0, 0]
43 14.639887571334839 Robot: (117, 29, [0, 0, 1, 0]) Solution: [117, 29] [0, 0, 1, 0]
19 6.468789100646973 Robot: (110, 19, [1, 0, 0, 0]) Solution: [110, 19] [1, 0, 0, 0]
20 6.784961462020874 Robot: (151, 43, [0, 0, 1, 0]) Solution: [151, 43] [0, 0, 1, 0]
14 4.749714612960815 Robot: (125, 45, [0, 0, 1, 0]) Solution: [125, 45] [0, 0, 1, 0]
30 10.148070573806763 Robot: (111, 2, [0, 1, 0, 0]) Solution: [111, 2] [0, 1, 0, 0]
15 5.114266395568848 Robot: (85, 22, [0, 1, 0, 1]) Solution: [85, 22] [0, 1, 0, 1]
19 6.450209140777588 Robot: (119, 46, [0, 1, 0, 1]) Solution: [119, 46] [0, 1, 0, 1]
20 6.772426128387451 Robot: (22, 26, [0, 0, 0, 0]) Solution: [22, 26] [0, 0, 0, 0]
39 13.291350841522217 Robot: (36, 46, [1, 0, 0, 0]) Solution: [36, 46] [1, 0, 0, 0]
22 7.48797869682312 Robot: (85, 10, [0, 0, 0, 1]) Solution: [85, 10] [0, 0, 0, 1]
17 5.814663410186768 Robot: (133, 37, [0, 0, 1, 0]) Solution: [133, 37] [0, 0, 1, 0]
20 6.860500812530518 Robot: (110, 8, [0, 0, 1, 0]) Solution: [110, 8] [0, 0, 1, 0]
16 5.592236280441284 Robot: (33, 12, [0, 1, 0, 0]) Solution: [33, 12] [0, 1, 0, 0]
28 9.50577688217163 Robot: (60, 26, [1, 0, 0, 0]) Solution: [60, 26] [1, 0, 0, 0]
31 10.447389125823975 Robot: (36, 39, [0, 0, 0, 0]) Solution: [36, 39] [0, 0, 0, 0]
21 7.085008382797241 Robot: (99, 23, [0, 0, 0, 0]) Solution: [99, 23] [0, 0, 0, 0]
26 8.789907455444336 Robot: (13, 18, [0, 1, 0, 1]) Solution: [13, 18] [0, 1, 0, 1]
21 7.10408616065979 Robot: (103, 15, [1, 0, 0, 1]) Solution: [103, 15] [1, 0, 0, 1]
16 5.393381118774414 Robot: (1, 18, [0, 1, 0, 1]) Solution: [1, 18] [0, 1, 0, 1]
42 14.188394546508789 Robot: (87, 43, [1, 0, 0, 0]) Solution: [87, 43] [1, 0, 0, 0]
34 11.515743255615234 Robot: (91, 17, [0, 1, 0, 1]) Solution: [91, 17] [0, 1, 0, 1]
23 7.773579120635986 Robot: (128, 36, [0, 1, 1, 0]) Solution: [128, 36] [0, 1, 1, 0]
26 8.81454610824585 Robot: (118, 39, [1, 0, 1, 0]) Solution: [118, 39] [1, 0, 1, 0]
11 3.7069408893585205 Robot: (112, 28, [0, 0, 1, 0]) Solution: [112, 28] [0, 0, 1, 0]
39 13.200031518936157 Robot: (26, 37, [1, 0, 1, 0]) Solution: [26, 37] [1, 0, 1, 0]
40 13.518319606781006 Robot: (23, 38, [0, 1, 0, 1]) Solution: [23, 38] [0, 1, 0, 1]
17 5.756540060043335 Robot: (15, 47, [0, 0, 0, 1]) Solution: [15, 47] [0, 0, 0, 1]
13 4.379387140274048 Robot: (107, 32, [0, 1, 0, 0]) Solution: [107, 32] [0, 1, 0, 0]
15 5.061988115310669 Robot: (129, 27, [0, 0, 0, 1]) Solution: [129, 27] [0, 0, 0, 1]
26 8.797479629516602 Robot: (99, 5, [1, 1, 0, 0]) Solution: [99, 5] [1, 1, 0, 0]
32 10.801020622253418 Robot: (50, 11, [0, 0, 1, 0]) Solution: [50, 11] [0, 0, 1, 0]
30 10.100068092346191 Robot: (23, 17, [1, 0, 0, 1]) Solution: [23, 17] [1, 0, 0, 1]
17 5.736932754516602 Robot: (45, 12, [0, 0, 0, 0]) Solution: [45, 12] [0, 0, 0, 0]
71 23.980894804000854 Robot: (57, 33, [0, 0, 0, 1]) Solution: [57, 33] [0, 0, 0, 1]
11 3.7119297981262207 Robot: (107, 1, [1, 0, 0, 1]) Solution: [107, 1] [1, 0, 0, 1]
12 4.049295663833618 Robot: (101, 23, [1, 1, 0, 0]) Solution: [101, 23] [1, 1, 0, 0]
36 12.146308183670044 Robot: (119, 1, [1, 0, 1, 0]) Solution: [119, 1] [1, 0, 1, 0]
30 10.123002052307129 Robot: (3, 8, [0, 1, 0, 1]) Solution: [3, 8] [0, 1, 0, 1]
29 9.79415774345398 Robot: (151, 41, [1, 0, 0, 0]) Solution: [151, 41] [1, 0, 0, 0]
26 8.780305624008179 Robot: (87, 32, [0, 1, 0, 1]) Solution: [87, 32] [0, 1, 0, 1]
32 10.787194013595581 Robot: (68, 7, [1, 0, 1, 0]) Solution: [68, 7] [1, 0, 1, 0]
25 8.45706844329834 Robot: (26, 13, [0, 0, 1, 0]) Solution: [26, 13] [0, 0, 1, 0]
21 7.09088921546936 Robot: (119, 48, [0, 1, 0, 1]) Solution: [119, 48] [0, 1, 0, 1]
29 9.783739805221558 Robot: (55, 21, [0, 1, 1, 0]) Solution: [55, 21] [0, 1, 1, 0]
26 8.773075342178345 Robot: (66, 21, [0, 0, 1, 0]) Solution: [66, 21] [0, 0, 1, 0]
29 9.822586059570312 Robot: (148, 50, [0, 1, 0, 1]) Solution: [148, 50] [0, 1, 0, 1]
47 15.893305778503418 Robot: (117, 27, [1, 0, 0, 0]) Solution: [117, 27] [1, 0, 0, 0]
43 14.537363767623901 Robot: (28, 47, [0, 0, 1, 0]) Solution: [28, 47] [0, 0, 1, 0]
22 7.424932479858398 Robot: (52, 46, [0, 1, 0, 0]) Solution: [52, 46] [0, 1, 0, 0]
21 7.064802885055542 Robot: (19, 21, [0, 1, 0, 0]) Solution: [19, 21] [0, 1, 0, 0]
41 13.874508380889893 Robot: (58, 38, [0, 1, 0, 0]) Solution: [58, 38] [0, 1, 0, 0]
22 7.435770273208618 Robot: (145, 39, [0, 1, 1, 0]) Solution: [145, 39] [0, 1, 1, 0]
18 6.0943591594696045 Robot: (153, 33, [0, 1, 0, 0]) Solution: [153, 33] [0, 1, 0, 0]
17 5.762714385986328 Robot: (95, 7, [1, 0, 0, 0]) Solution: [95, 7] [1, 0, 0, 0]
17 5.73167610168457 Robot: (126, 19, [0, 0, 1, 0]) Solution: [126, 19] [0, 0, 1, 0]
23 7.74848198890686 Robot: (2, 53, [0, 0, 1, 0]) Solution: [2, 53] [0, 0, 1, 0]
16 5.393458127975464 Robot: (116, 25, [1, 0, 0, 0]) Solution: [116, 25] [1, 0, 0, 0]
49 16.564173460006714 Robot: (117, 50, [0, 1, 0, 1]) Solution: [117, 50] [0, 1, 0, 1]
48 16.24497938156128 Robot: (107, 51, [0, 0, 1, 0]) Solution: [107, 51] [0, 0, 1, 0]
17 5.7692272663116455 Robot: (149, 6, [0, 0, 0, 0]) Solution: [149, 6] [0, 0, 0, 0]
27 9.134687900543213 Robot: (119, 16, [0, 1, 0, 1]) Solution: [119, 16] [0, 1, 0, 1]
18 6.087707996368408 Robot: (61, 29, [0, 1, 1, 1]) Solution: [61, 29] [0, 1, 1, 1]
14 4.717907428741455 Robot: (70, 15, [1, 0, 1, 0]) Solution: [70, 15] [1, 0, 1, 0]
17 5.748415946960449 Robot: (106, 22, [0, 0, 0, 1]) Solution: [106, 22] [0, 0, 0, 1]
31 10.45115041732788 Robot: (147, 7, [0, 1, 0, 0]) Solution: [147, 7] [0, 1, 0, 0]
23 7.774435758590698 Robot: (148, 42, [0, 1, 0, 1]) Solution: [148, 42] [0, 1, 0, 1]
22 7.398962736129761 Robot: (34, 29, [1, 0, 1, 0]) Solution: [34, 29] [1, 0, 1, 0]
14 4.69893217086792 Robot: (7, 38, [0, 1, 0, 1]) Solution: [7, 38] [0, 1, 0, 1]
11 3.7028956413269043 Robot: (103, 26, [0, 1, 0, 1]) Solution: [103, 26] [0, 1, 0, 1]
18 6.066754102706909 Robot: (133, 20, [0, 0, 0, 0]) Solution: [133, 20] [0, 0, 0, 0]
21 7.061375379562378 Robot: (113, 14, [0, 1, 0, 1]) Solution: [113, 14] [0, 1, 0, 1]
19 6.408794164657593 Robot: (97, 51, [0, 0, 1, 1]) Solution: [97, 51] [0, 0, 1, 1]
98 33.12644672393799 Robot: (64, 35, [1, 0, 1, 0]) Solution: [64, 35] [1, 0, 1, 0]
15 5.051873445510864 Robot: (69, 20, [0, 1, 0, 1]) Solution: [69, 20] [0, 1, 0, 1]
25 8.444838285446167 Robot: (50, 6, [0, 1, 1, 0]) Solution: [50, 6] [0, 1, 1, 0]
18 6.077277660369873 Robot: (149, 15, [0, 0, 0, 0]) Solution: [149, 15] [0, 0, 0, 0]
18 6.087588310241699 Robot: (131, 35, [0, 0, 0, 0]) Solution: [131, 35] [0, 0, 0, 0]
23 7.771805047988892 Robot: (35, 25, [0, 0, 0, 1]) Solution: [35, 25] [0, 0, 0, 1]
33 11.150638580322266 Robot: (66, 20, [0, 1, 0, 0]) Solution: [66, 20] [0, 1, 0, 0]
52 17.602933645248413 Robot: (117, 49, [0, 0, 0, 0]) Solution: [117, 49] [0, 0, 0, 0]
24 8.105727195739746 Robot: (27, 17, [1, 0, 0, 0]) Solution: [27, 17] [1, 0, 0, 0]
20 6.734421968460083 Robot: (75, 27, [0, 0, 0, 1]) Solution: [75, 27] [0, 0, 0, 1]
18 6.042848348617554 Robot: (38, 15, [1, 0, 1, 0]) Solution: [38, 15] [1, 0, 1, 0]
25 8.450821161270142 Robot: (129, 37, [1, 0, 0, 1]) Solution: [129, 37] [1, 0, 0, 1]
25 8.416439771652222 Robot: (36, 21, [1, 0, 0, 0]) Solution: [36, 21] [1, 0, 0, 0]
22 7.432904958724976 Robot: (152, 36, [1, 0, 1, 0]) Solution: [152, 36] [1, 0, 1, 0]
22 7.410481691360474 Robot: (128, 10, [0, 1, 0, 0]) Solution: [128, 10] [0, 1, 0, 0]
39 13.184751033782959 Robot: (83, 35, [1, 0, 0, 1]) Solution: [83, 35] [1, 0, 0, 1]
15 5.0761168003082275 Robot: (103, 39, [1, 1, 0, 0]) Solution: [103, 39] [1, 1, 0, 0]
17 5.7466044425964355 Robot: (9, 19, [0, 1, 0, 1]) Solution: [9, 19] [0, 1, 0, 1]
18 6.108304500579834 Robot: (144, 48, [0, 1, 1, 0]) Solution: [144, 48] [0, 1, 1, 0]
16 5.4042816162109375 Robot: (30, 50, [1, 0, 0, 0]) Solution: [30, 50] [1, 0, 0, 0]
26 8.785202026367188 Robot: (100, 41, [1, 0, 0, 0]) Solution: [100, 41] [1, 0, 0, 0]
28 9.467301845550537 Robot: (100, 51, [0, 0, 0, 0]) Solution: [100, 51] [0, 0, 0, 0]
34 11.521198511123657 Robot: (90, 35, [0, 0, 1, 0]) Solution: [90, 35] [0, 0, 1, 0]
20 6.758016347885132 Robot: (135, 4, [0, 1, 0, 0]) Solution: [135, 4] [0, 1, 0, 0]
27 9.127676486968994 Robot: (4, 4, [0, 0, 0, 0]) Solution: [4, 4] [0, 0, 0, 0]
35 11.86535930633545 Robot: (43, 15, [0, 0, 1, 1]) Solution: [43, 15] [0, 0, 1, 1]
30 10.112614154815674 Robot: (149, 29, [1, 0, 0, 0]) Solution: [149, 29] [1, 0, 0, 0]
27 9.11922287940979 Robot: (35, 43, [0, 0, 0, 0]) Solution: [35, 43] [0, 0, 0, 0]
16 5.39061713218689 Robot: (131, 35, [0, 0, 0, 0]) Solution: [131, 35] [0, 0, 0, 0]
25 8.483283281326294 Robot: (37, 11, [0, 0, 0, 0]) Solution: [37, 11] [0, 0, 0, 0]
21 7.104249954223633 Robot: (121, 1, [1, 0, 0, 0]) Solution: [121, 1] [1, 0, 0, 0]
13 4.400802373886108 Robot: (88, 26, [0, 0, 0, 1]) Solution: [88, 26] [0, 0, 0, 1]
21 7.084580183029175 Robot: (105, 51, [0, 0, 1, 0]) Solution: [105, 51] [0, 0, 1, 0]
39 13.191680431365967 Robot: (137, 41, [1, 0, 0, 0]) Solution: [137, 41] [1, 0, 0, 0]
12 4.0528106689453125 Robot: (99, 23, [0, 0, 0, 0]) Solution: [99, 23] [0, 0, 0, 0]
27 9.120453357696533 Robot: (118, 23, [1, 0, 1, 0]) Solution: [118, 23] [1, 0, 1, 0]
26 8.795651912689209 Robot: (87, 33, [0, 0, 0, 0]) Solution: [87, 33] [0, 0, 0, 0]
43 14.576267719268799 Robot: (64, 12, [0, 1, 0, 0]) Solution: [64, 12] [0, 1, 0, 0]
24 8.128053903579712 Robot: (17, 14, [0, 1, 0, 1]) Solution: [17, 14] [0, 1, 0, 1]
16 5.404410123825073 Robot: (12, 29, [0, 0, 1, 0]) Solution: [12, 29] [0, 0, 1, 0]
23 7.784548759460449 Robot: (35, 39, [1, 0, 0, 0]) Solution: [35, 39] [1, 0, 0, 0]
15 5.0769898891448975 Robot: (44, 37, [0, 0, 1, 0]) Solution: [44, 37] [0, 0, 1, 0]
21 7.107622146606445 Robot: (127, 27, [1, 1, 0, 0]) Solution: [127, 27] [1, 1, 0, 0]
30 10.13269329071045 Robot: (148, 20, [1, 0, 0, 0]) Solution: [148, 20] [1, 0, 0, 0]
17 5.718441963195801 Robot: (37, 51, [0, 0, 1, 0]) Solution: [37, 51] [0, 0, 1, 0]
71 23.988742113113403 Robot: (127, 47, [0, 1, 1, 0]) Solution: [127, 47] [0, 1, 1, 0]
31 10.47264575958252 Robot: (39, 17, [0, 1, 0, 0]) Solution: [39, 17] [0, 1, 0, 0]
23 7.754423379898071 Robot: (107, 17, [0, 0, 1, 0]) Solution: [107, 17] [0, 0, 1, 0]
15 5.043542385101318 Robot: (73, 44, [0, 1, 0, 1]) Solution: [73, 44] [0, 1, 0, 1]
18 6.080859184265137 Robot: (60, 41, [0, 0, 1, 0]) Solution: [60, 41] [0, 0, 1, 0]
29 9.791428565979004 Robot: (121, 17, [0, 0, 1, 1]) Solution: [121, 17] [0, 0, 1, 1]
14 4.7259440422058105 Robot: (79, 12, [0, 0, 0, 0]) Solution: [79, 12] [0, 0, 0, 0]
22 7.424502611160278 Robot: (33, 13, [0, 1, 0, 1]) Solution: [33, 13] [0, 1, 0, 1]
22 7.430812835693359 Robot: (54, 25, [0, 0, 1, 0]) Solution: [54, 25] [0, 0, 1, 0]
40 13.53680157661438 Robot: (55, 33, [1, 1, 0, 0]) Solution: [55, 33] [1, 1, 0, 0]
35 11.78990364074707 Robot: (91, 44, [0, 1, 0, 1]) Solution: [91, 44] [0, 1, 0, 1]
24 8.085825443267822 Robot: (23, 12, [0, 0, 0, 1]) Solution: [23, 12] [0, 0, 0, 1]
15 5.0338804721832275 Robot: (48, 44, [0, 1, 0, 0]) Solution: [48, 44] [0, 1, 0, 0]
40 13.485441446304321 Robot: (39, 51, [1, 0, 0, 0]) Solution: [39, 51] [1, 0, 0, 0]
35 11.83681058883667 Robot: (33, 31, [0, 0, 1, 1]) Solution: [33, 31] [0, 0, 1, 1]
66 22.308072328567505 Robot: (59, 22, [0, 1, 0, 0]) Solution: [59, 22] [0, 1, 0, 0]
57 19.28277277946472 Robot: (110, 49, [0, 0, 1, 0]) Solution: [110, 49] [0, 0, 1, 0]
15 5.060714483261108 Robot: (110, 45, [1, 0, 0, 0]) Solution: [110, 45] [1, 0, 0, 0]
16 5.373392105102539 Robot: (127, 28, [0, 0, 0, 1]) Solution: [127, 28] [0, 0, 0, 1]
25 8.444698810577393 Robot: (64, 9, [1, 0, 0, 0]) Solution: [64, 9] [1, 0, 0, 0]
16 5.401219844818115 Robot: (11, 21, [0, 0, 1, 0]) Solution: [11, 21] [0, 0, 1, 0]
14 4.754889965057373 Robot: (47, 48, [0, 0, 0, 0]) Solution: [47, 48] [0, 0, 0, 0]
41 13.837671756744385 Robot: (24, 17, [0, 0, 1, 0]) Solution: [24, 17] [0, 0, 1, 0]
32 10.772000312805176 Robot: (50, 25, [1, 0, 1, 0]) Solution: [50, 25] [1, 0, 1, 0]
19 6.408044815063477 Robot: (147, 17, [1, 1, 0, 1]) Solution: [147, 17] [1, 1, 0, 1]
56 18.926098108291626 Robot: (133, 53, [1, 0, 1, 0]) Solution: [133, 53] [1, 0, 1, 0]
32 10.82603931427002 Robot: (1, 53, [1, 0, 1, 1]) Solution: [1, 53] [1, 0, 1, 1]
12 4.062987327575684 Robot: (137, 36, [0, 1, 0, 0]) Solution: [137, 36] [0, 1, 0, 0]
28 9.480276823043823 Robot: (79, 18, [0, 0, 0, 1]) Solution: [79, 18] [0, 0, 0, 1]
22 7.4155919551849365 Robot: (6, 44, [0, 0, 0, 1]) Solution: [6, 44] [0, 0, 0, 1]
15 5.054646253585815 Robot: (107, 8, [0, 0, 0, 1]) Solution: [107, 8] [0, 0, 0, 1]
24 8.092896461486816 Robot: (5, 7, [1, 0, 0, 0]) Solution: [5, 7] [1, 0, 0, 0]
18 6.03906774520874 Robot: (95, 45, [0, 0, 1, 1]) Solution: [95, 45] [0, 0, 1, 1]
27 9.107205629348755 Robot: (77, 43, [0, 0, 0, 1]) Solution: [77, 43] [0, 0, 0, 1]
25 8.440999984741211 Robot: (133, 13, [1, 1, 0, 0]) Solution: [133, 13] [1, 1, 0, 0]
24 8.064535140991211 Robot: (36, 1, [1, 0, 0, 0]) Solution: [36, 1] [1, 0, 0, 0]
17 5.729351043701172 Robot: (87, 7, [1, 1, 0, 0]) Solution: [87, 7] [1, 1, 0, 0]
22 7.45172905921936 Robot: (45, 31, [1, 0, 0, 0]) Solution: [45, 31] [1, 0, 0, 0]
42 14.201597452163696 Robot: (128, 11, [0, 0, 1, 0]) Solution: [128, 11] [0, 0, 1, 0]
38 12.82968783378601 Robot: (96, 30, [0, 1, 1, 0]) Solution: [96, 30] [0, 1, 1, 0]
14 4.724713325500488 Robot: (20, 13, [0, 0, 1, 0]) Solution: [20, 13] [0, 0, 1, 0]
15 5.0402915477752686 Robot: (115, 5, [1, 0, 1, 0]) Solution: [115, 5] [1, 0, 1, 0]
18 6.047140598297119 Robot: (81, 43, [0, 0, 1, 0]) Solution: [81, 43] [0, 0, 1, 0]
55 18.56681251525879 Robot: (31, 43, [0, 0, 1, 0]) Solution: [31, 43] [0, 0, 1, 0]
15 5.074569940567017 Robot: (149, 6, [0, 0, 0, 0]) Solution: [149, 6] [0, 0, 0, 0]
16 5.408315658569336 Robot: (116, 39, [1, 0, 1, 0]) Solution: [116, 39] [1, 0, 1, 0]
18 6.063704252243042 Robot: (131, 35, [0, 0, 0, 0]) Solution: [131, 35] [0, 0, 0, 0]
20 6.742562770843506 Robot: (98, 4, [0, 1, 0, 1]) Solution: [98, 4] [0, 1, 0, 1]
22 7.44765305519104 Robot: (45, 19, [0, 0, 0, 0]) Solution: [45, 19] [0, 0, 0, 0]
29 9.793518781661987 Robot: (83, 11, [1, 0, 0, 1]) Solution: [83, 11] [1, 0, 0, 1]
22 7.439589262008667 Robot: (148, 41, [0, 0, 0, 0]) Solution: [148, 41] [0, 0, 0, 0]
13 4.377717018127441 Robot: (75, 40, [0, 0, 0, 1]) Solution: [75, 40] [0, 0, 0, 1]
17 5.733309984207153 Robot: (142, 40, [1, 0, 0, 0]) Solution: [142, 40] [1, 0, 0, 0]
26 8.801687240600586 Robot: (64, 12, [0, 1, 0, 0]) Solution: [64, 12] [0, 1, 0, 0]
28 9.457984685897827 Robot: (15, 22, [0, 1, 0, 1]) Solution: [15, 22] [0, 1, 0, 1]
38 12.86113452911377 Robot: (1, 18, [0, 1, 0, 1]) Solution: [1, 18] [0, 1, 0, 1]
68 23.008795738220215 Robot: (55, 33, [1, 1, 0, 0]) Solution: [55, 33] [1, 1, 0, 0]
34 11.470111846923828 Robot: (42, 8, [0, 1, 1, 0]) Solution: [42, 8] [0, 1, 1, 0]
54 18.243353366851807 Robot: (85, 6, [0, 1, 0, 0]) Solution: [85, 6] [0, 1, 0, 0]
18 6.081337928771973 Robot: (77, 24, [0, 0, 0, 1]) Solution: [77, 24] [0, 0, 0, 1]
25 8.47529935836792 Robot: (112, 39, [1, 0, 0, 0]) Solution: [112, 39] [1, 0, 0, 0]
36 12.201168298721313 Robot: (17, 14, [0, 1, 0, 1]) Solution: [17, 14] [0, 1, 0, 1]
35 11.826282501220703 Robot: (69, 27, [0, 0, 0, 1]) Solution: [69, 27] [0, 0, 0, 1]
29 9.777656078338623 Robot: (63, 28, [0, 1, 0, 0]) Solution: [63, 28] [0, 1, 0, 0]
17 5.735438823699951 Robot: (120, 14, [0, 1, 0, 0]) Solution: [120, 14] [0, 1, 0, 0]
23 7.733318090438843 Robot: (59, 50, [0, 0, 0, 1]) Solution: [59, 50] [0, 0, 0, 1]
22 7.452171564102173 Robot: (117, 20, [0, 1, 0, 0]) Solution: [117, 20] [0, 1, 0, 0]
29 9.793851613998413 Robot: (119, 43, [1, 0, 1, 0]) Solution: [119, 43] [1, 0, 1, 0]
19 6.4315505027771 Robot: (108, 8, [1, 0, 0, 0]) Solution: [108, 8] [1, 0, 0, 0]
17 5.756245136260986 Robot: (97, 32, [0, 1, 0, 1]) Solution: [97, 32] [0, 1, 0, 1]
32 10.794819593429565 Robot: (21, 25, [0, 0, 0, 0]) Solution: [21, 25] [0, 0, 0, 0]
11 3.695190906524658 Robot: (26, 23, [0, 0, 0, 0]) Solution: [26, 23] [0, 0, 0, 0]
14 4.718572616577148 Robot: (5, 49, [0, 1, 0, 0]) Solution: [5, 49] [0, 1, 0, 0]
41 13.84855031967163 Robot: (25, 7, [0, 0, 1, 1]) Solution: [25, 7] [0, 0, 1, 1]
34 11.436891794204712 Robot: (51, 21, [1, 0, 1, 0]) Solution: [51, 21] [1, 0, 1, 0]
20 6.323960304260254 Robot: (95, 39, [0, 0, 0, 0]) Solution: [95, 39] [0, 0, 0, 0]
37 6.391409397125244 Robot: (47, 53, [0, 0, 1, 0]) Solution: [47, 53] [0, 0, 1, 0]
15 2.5951786041259766 Robot: (7, 44, [0, 0, 0, 0]) Solution: [7, 44] [0, 0, 0, 0]
14 2.4198710918426514 Robot: (101, 11, [1, 1, 0, 0]) Solution: [101, 11] [1, 1, 0, 0]
26 4.511160135269165 Robot: (14, 49, [0, 0, 1, 0]) Solution: [14, 49] [0, 0, 1, 0]
19 3.27638578414917 Robot: (111, 29, [0, 1, 0, 0]) Solution: [111, 29] [0, 1, 0, 0]
44 7.636335372924805 Robot: (66, 19, [1, 0, 0, 0]) Solution: [66, 19] [1, 0, 0, 0]
19 3.299099922180176 Robot: (87, 47, [0, 0, 0, 1]) Solution: [87, 47] [0, 0, 0, 1]
32 5.526300430297852 Robot: (64, 10, [0, 0, 0, 0]) Solution: [64, 10] [0, 0, 0, 0]
36 6.190423488616943 Robot: (138, 21, [1, 0, 1, 0]) Solution: [138, 21] [1, 0, 1, 0]
27 4.641759634017944 Robot: (117, 53, [0, 0, 1, 1]) Solution: [117, 53] [0, 0, 1, 1]
17 2.9050374031066895 Robot: (109, 11, [0, 0, 0, 0]) Solution: [109, 11] [0, 0, 0, 0]
13 2.245314836502075 Robot: (28, 23, [1, 0, 0, 0]) Solution: [28, 23] [1, 0, 0, 0]
20 3.449859380722046 Robot: (29, 33, [0, 1, 1, 0]) Solution: [29, 33] [0, 1, 1, 0]
28 4.884808778762817 Robot: (140, 23, [0, 0, 0, 0]) Solution: [140, 23] [0, 0, 0, 0]
25 4.314876079559326 Robot: (36, 17, [0, 0, 0, 0]) Solution: [36, 17] [0, 0, 0, 0]
32 5.523838758468628 Robot: (104, 15, [1, 0, 1, 0]) Solution: [104, 15] [1, 0, 1, 0]
19 3.277693748474121 Robot: (70, 48, [1, 0, 1, 0]) Solution: [70, 48] [1, 0, 1, 0]
17 2.9434611797332764 Robot: (94, 23, [1, 0, 0, 0]) Solution: [94, 23] [1, 0, 0, 0]
23 3.9776384830474854 Robot: (17, 27, [1, 0, 0, 0]) Solution: [17, 27] [1, 0, 0, 0]
23 3.9834721088409424 Robot: (80, 11, [1, 0, 0, 0]) Solution: [80, 11] [1, 0, 0, 0]
17 2.9428422451019287 Robot: (49, 45, [1, 0, 0, 0]) Solution: [49, 45] [1, 0, 0, 0]
24 4.1487650871276855 Robot: (103, 11, [0, 0, 0, 1]) Solution: [103, 11] [0, 0, 0, 1]
22 3.781505823135376 Robot: (94, 41, [1, 0, 1, 0]) Solution: [94, 41] [1, 0, 1, 0]
21 3.6254725456237793 Robot: (34, 37, [0, 0, 1, 0]) Solution: [34, 37] [0, 0, 1, 0]
19 3.278965711593628 Robot: (141, 20, [0, 0, 0, 1]) Solution: [141, 20] [0, 0, 0, 1]
18 3.1103014945983887 Robot: (123, 51, [1, 0, 0, 0]) Solution: [123, 51] [1, 0, 0, 0]
17 2.934797525405884 Robot: (95, 34, [0, 1, 0, 0]) Solution: [95, 34] [0, 1, 0, 0]
14 2.3972461223602295 Robot: (46, 20, [0, 0, 1, 0]) Solution: [46, 20] [0, 0, 1, 0]
41 7.084571123123169 Robot: (53, 47, [1, 0, 0, 0]) Solution: [53, 47] [1, 0, 0, 0]
22 3.792894124984741 Robot: (137, 51, [0, 0, 1, 0]) Solution: [137, 51] [0, 0, 1, 0]
17 2.9467999935150146 Robot: (64, 14, [0, 0, 0, 0]) Solution: [64, 14] [0, 0, 0, 0]
12 2.0635454654693604 Robot: (71, 29, [0, 0, 0, 0]) Solution: [71, 29] [0, 0, 0, 0]
21 3.6435585021972656 Robot: (49, 11, [1, 0, 0, 0]) Solution: [49, 11] [1, 0, 0, 0]
32 5.523130655288696 Robot: (28, 32, [0, 0, 0, 1]) Solution: [28, 32] [0, 0, 0, 1]
22 3.780839681625366 Robot: (72, 4, [1, 0, 1, 0]) Solution: [72, 4] [1, 0, 1, 0]
24 4.145556926727295 Robot: (148, 20, [1, 0, 0, 0]) Solution: [148, 20] [1, 0, 0, 0]
28 4.815300226211548 Robot: (139, 35, [0, 0, 1, 1]) Solution: [139, 35] [0, 0, 1, 1]
14 2.413343667984009 Robot: (53, 5, [1, 0, 0, 0]) Solution: [53, 5] [1, 0, 0, 0]
20 3.431124687194824 Robot: (47, 27, [0, 0, 0, 0]) Solution: [47, 27] [0, 0, 0, 0]
17 2.9091386795043945 Robot: (87, 31, [0, 0, 0, 1]) Solution: [87, 31] [0, 0, 0, 1]
12 2.061300754547119 Robot: (134, 37, [1, 0, 1, 0]) Solution: [134, 37] [1, 0, 1, 0]
12 2.0540223121643066 Robot: (22, 2, [0, 0, 0, 1]) Solution: [22, 2] [0, 0, 0, 1]
18 3.095837354660034 Robot: (12, 5, [0, 0, 1, 0]) Solution: [12, 5] [0, 0, 1, 0]
16 2.749460458755493 Robot: (105, 11, [0, 0, 1, 0]) Solution: [105, 11] [0, 0, 1, 0]
43 7.421652555465698 Robot: (121, 36, [0, 1, 0, 1]) Solution: [121, 36] [0, 1, 0, 1]
26 4.49429988861084 Robot: (17, 19, [0, 0, 1, 1]) Solution: [17, 19] [0, 0, 1, 1]
16 2.7803072929382324 Robot: (132, 43, [1, 0, 0, 0]) Solution: [132, 43] [1, 0, 0, 0]
27 4.6456427574157715 Robot: (20, 50, [0, 1, 1, 1]) Solution: [20, 50] [0, 1, 1, 1]
39 6.769670009613037 Robot: (85, 49, [0, 1, 0, 0]) Solution: [85, 49] [0, 1, 0, 0]
16 2.749603271484375 Robot: (8, 32, [0, 0, 0, 0]) Solution: [8, 32] [0, 0, 0, 0]
25 4.347246408462524 Robot: (24, 19, [1, 0, 0, 0]) Solution: [24, 19] [1, 0, 0, 0]
17 2.9632978439331055 Robot: (127, 45, [0, 0, 0, 0]) Solution: [127, 45] [0, 0, 0, 0]
17 2.922724962234497 Robot: (43, 20, [0, 0, 0, 0]) Solution: [43, 20] [0, 0, 0, 0]
15 2.5854148864746094 Robot: (135, 28, [0, 1, 0, 1]) Solution: [135, 28] [0, 1, 0, 1]
29 5.001842975616455 Robot: (9, 50, [0, 1, 0, 0]) Solution: [9, 50] [0, 1, 0, 0]
19 3.281648874282837 Robot: (1, 9, [0, 1, 0, 1]) Solution: [1, 9] [0, 1, 0, 1]
24 4.147048473358154 Robot: (151, 42, [0, 1, 0, 1]) Solution: [151, 42] [0, 1, 0, 1]
40 6.916304349899292 Robot: (22, 45, [1, 0, 1, 0]) Solution: [22, 45] [1, 0, 1, 0]
31 5.364806652069092 Robot: (143, 35, [0, 1, 0, 0]) Solution: [143, 35] [0, 1, 0, 0]
42 7.266632556915283 Robot: (111, 26, [0, 1, 0, 1]) Solution: [111, 26] [0, 1, 0, 1]
12 2.06722092628479 Robot: (17, 8, [0, 1, 0, 1]) Solution: [17, 8] [0, 1, 0, 1]
30 5.189655303955078 Robot: (18, 38, [0, 1, 0, 1]) Solution: [18, 38] [0, 1, 0, 1]
16 2.7434000968933105 Robot: (141, 37, [1, 0, 1, 0]) Solution: [141, 37] [1, 0, 1, 0]
21 3.597132444381714 Robot: (136, 1, [1, 0, 0, 0]) Solution: [136, 1] [1, 0, 0, 0]
17 2.9489190578460693 Robot: (121, 28, [0, 1, 0, 0]) Solution: [121, 28] [0, 1, 0, 0]
32 5.486518383026123 Robot: (54, 44, [0, 1, 0, 0]) Solution: [54, 44] [0, 1, 0, 0]
23 3.934323310852051 Robot: (63, 20, [0, 1, 0, 1]) Solution: [63, 20] [0, 1, 0, 1]
18 3.095097780227661 Robot: (127, 45, [0, 0, 0, 0]) Solution: [127, 45] [0, 0, 0, 0]
13 2.2377634048461914 Robot: (71, 35, [1, 0, 0, 0]) Solution: [71, 35] [1, 0, 0, 0]
19 3.269864320755005 Robot: (47, 27, [0, 0, 0, 0]) Solution: [47, 27] [0, 0, 0, 0]
27 4.667731046676636 Robot: (134, 11, [1, 0, 0, 0]) Solution: [134, 11] [1, 0, 0, 0]
33 5.7135679721832275 Robot: (63, 43, [0, 0, 1, 0]) Solution: [63, 43] [0, 0, 1, 0]
26 4.499987840652466 Robot: (131, 27, [0, 1, 0, 0]) Solution: [131, 27] [0, 1, 0, 0]
30 5.199156761169434 Robot: (76, 39, [0, 0, 0, 0]) Solution: [76, 39] [0, 0, 0, 0]
17 2.9498116970062256 Robot: (82, 39, [1, 0, 0, 0]) Solution: [82, 39] [1, 0, 0, 0]
18 3.115764617919922 Robot: (40, 41, [1, 0, 0, 0]) Solution: [40, 41] [1, 0, 0, 0]
16 2.7688140869140625 Robot: (47, 32, [0, 1, 0, 0]) Solution: [47, 32] [0, 1, 0, 0]
32 5.53223991394043 Robot: (65, 29, [1, 0, 1, 0]) Solution: [65, 29] [1, 0, 1, 0]
29 4.980236053466797 Robot: (75, 25, [0, 1, 0, 0]) Solution: [75, 25] [0, 1, 0, 0]
15 2.568449020385742 Robot: (124, 25, [1, 0, 0, 0]) Solution: [124, 25] [1, 0, 0, 0]
54 9.293987274169922 Robot: (141, 50, [0, 1, 0, 0]) Solution: [141, 50] [0, 1, 0, 0]
15 2.5886640548706055 Robot: (10, 8, [0, 1, 0, 1]) Solution: [10, 8] [0, 1, 0, 1]
56 9.632381677627563 Robot: (115, 53, [1, 1, 1, 0]) Solution: [115, 53] [1, 1, 1, 0]
19 3.2708044052124023 Robot: (18, 33, [0, 0, 1, 0]) Solution: [18, 33] [0, 0, 1, 0]
40 6.91555118560791 Robot: (58, 3, [1, 0, 0, 0]) Solution: [58, 3] [1, 0, 0, 0]
24 4.1374351978302 Robot: (135, 17, [0, 0, 1, 1]) Solution: [135, 17] [0, 0, 1, 1]
27 4.697739362716675 Robot: (111, 19, [1, 1, 0, 0]) Solution: [111, 19] [1, 1, 0, 0]
37 6.4471564292907715 Robot: (115, 43, [1, 0, 0, 0]) Solution: [115, 43] [1, 0, 0, 0]
47 8.103472471237183 Robot: (127, 43, [0, 1, 0, 0]) Solution: [127, 43] [0, 1, 0, 0]
22 3.794395685195923 Robot: (75, 33, [1, 0, 0, 0]) Solution: [75, 33] [1, 0, 0, 0]
16 2.7962465286254883 Robot: (67, 11, [1, 1, 0, 0]) Solution: [67, 11] [1, 1, 0, 0]
16 2.7356863021850586 Robot: (72, 18, [0, 0, 0, 0]) Solution: [72, 18] [0, 0, 0, 0]
27 4.652794599533081 Robot: (37, 38, [0, 1, 0, 0]) Solution: [37, 38] [0, 1, 0, 0]
21 3.617702007293701 Robot: (55, 39, [1, 0, 0, 1]) Solution: [55, 39] [1, 0, 0, 1]
49 8.464441776275635 Robot: (10, 51, [1, 0, 1, 0]) Solution: [10, 51] [1, 0, 1, 0]
22 3.7869205474853516 Robot: (35, 45, [0, 1, 0, 0]) Solution: [35, 45] [0, 1, 0, 0]
23 3.945629835128784 Robot: (47, 33, [0, 0, 1, 1]) Solution: [47, 33] [0, 0, 1, 1]
17 2.9033217430114746 Robot: (70, 15, [1, 0, 1, 0]) Solution: [70, 15] [1, 0, 1, 0]
28 4.813646554946899 Robot: (43, 17, [1, 0, 0, 0]) Solution: [43, 17] [1, 0, 0, 0]
26 4.480906963348389 Robot: (114, 22, [0, 1, 0, 1]) Solution: [114, 22] [0, 1, 0, 1]
14 2.4056925773620605 Robot: (16, 46, [1, 1, 0, 0]) Solution: [16, 46] [1, 1, 0, 0]
25 4.2963831424713135 Robot: (109, 8, [0, 0, 0, 0]) Solution: [109, 8] [0, 0, 0, 0]
27 4.6552817821502686 Robot: (63, 31, [0, 0, 1, 1]) Solution: [63, 31] [0, 0, 1, 1]
19 3.260284423828125 Robot: (17, 3, [0, 1, 0, 1]) Solution: [17, 3] [0, 1, 0, 1]
16 2.7391934394836426 Robot: (83, 41, [1, 1, 0, 0]) Solution: [83, 41] [1, 1, 0, 0]
18 3.0842273235321045 Robot: (52, 32, [1, 0, 0, 0]) Solution: [52, 32] [1, 0, 0, 0]
27 4.653400659561157 Robot: (104, 1, [1, 0, 0, 0]) Solution: [104, 1] [1, 0, 0, 0]
19 3.280917167663574 Robot: (149, 6, [0, 0, 0, 0]) Solution: [149, 6] [0, 0, 0, 0]
28 4.84257960319519 Robot: (109, 17, [0, 0, 0, 0]) Solution: [109, 17] [0, 0, 0, 0]
17 2.9164369106292725 Robot: (131, 38, [0, 1, 0, 0]) Solution: [131, 38] [0, 1, 0, 0]
23 3.9640965461730957 Robot: (17, 19, [0, 0, 1, 1]) Solution: [17, 19] [0, 0, 1, 1]
33 5.676614761352539 Robot: (39, 39, [1, 0, 1, 1]) Solution: [39, 39] [1, 0, 1, 1]
18 3.120120048522949 Robot: (133, 41, [0, 1, 0, 0]) Solution: [133, 41] [0, 1, 0, 0]
39 6.820000886917114 Robot: (38, 27, [1, 0, 1, 0]) Solution: [38, 27] [1, 0, 1, 0]
19 3.2737979888916016 Robot: (140, 8, [0, 1, 1, 0]) Solution: [140, 8] [0, 1, 1, 0]
31 5.3531494140625 Robot: (7, 49, [0, 0, 1, 1]) Solution: [7, 49] [0, 0, 1, 1]
18 3.1050190925598145 Robot: (90, 29, [0, 0, 1, 0]) Solution: [90, 29] [0, 0, 1, 0]
26 4.47494912147522 Robot: (76, 40, [0, 1, 0, 0]) Solution: [76, 40] [0, 1, 0, 0]
15 2.588610887527466 Robot: (137, 50, [0, 1, 0, 1]) Solution: [137, 50] [0, 1, 0, 1]
29 5.011419296264648 Robot: (51, 29, [1, 0, 0, 0]) Solution: [51, 29] [1, 0, 0, 0]
16 2.753849744796753 Robot: (52, 4, [1, 1, 0, 0]) Solution: [52, 4] [1, 1, 0, 0]
29 5.027298212051392 Robot: (114, 53, [1, 0, 1, 0]) Solution: [114, 53] [1, 0, 1, 0]
23 3.9844248294830322 Robot: (45, 50, [0, 1, 0, 1]) Solution: [45, 50] [0, 1, 0, 1]
35 6.04364538192749 Robot: (30, 51, [0, 0, 0, 0]) Solution: [30, 51] [0, 0, 0, 0]
14 2.4007680416107178 Robot: (109, 10, [0, 0, 0, 1]) Solution: [109, 10] [0, 0, 0, 1]
17 2.9323089122772217 Robot: (55, 50, [0, 1, 0, 1]) Solution: [55, 50] [0, 1, 0, 1]
29 5.004068374633789 Robot: (28, 23, [1, 0, 0, 0]) Solution: [28, 23] [1, 0, 0, 0]
15 2.6032769680023193 Robot: (62, 52, [1, 0, 0, 0]) Solution: [62, 52] [1, 0, 0, 0]
19 3.272213935852051 Robot: (11, 47, [1, 0, 1, 0]) Solution: [11, 47] [1, 0, 1, 0]
27 4.646597146987915 Robot: (66, 35, [1, 0, 1, 0]) Solution: [66, 35] [1, 0, 1, 0]
17 2.9079368114471436 Robot: (98, 20, [0, 0, 0, 0]) Solution: [98, 20] [0, 0, 0, 0]
22 3.811837911605835 Robot: (33, 7, [0, 0, 0, 1]) Solution: [33, 7] [0, 0, 0, 1]
16 2.746147394180298 Robot: (96, 27, [0, 0, 0, 0]) Solution: [96, 27] [0, 0, 0, 0]
18 3.1137454509735107 Robot: (53, 7, [0, 0, 1, 0]) Solution: [53, 7] [0, 0, 1, 0]
43 7.423111915588379 Robot: (81, 53, [0, 1, 1, 0]) Solution: [81, 53] [0, 1, 1, 0]
22 3.812408208847046 Robot: (152, 11, [1, 0, 1, 0]) Solution: [152, 11] [1, 0, 1, 0]
59 10.173047065734863 Robot: (49, 11, [1, 0, 0, 0]) Solution: [49, 11] [1, 0, 0, 0]
23 3.993560791015625 Robot: (149, 20, [0, 1, 0, 0]) Solution: [149, 20] [0, 1, 0, 0]
18 3.129640817642212 Robot: (59, 16, [0, 1, 0, 1]) Solution: [59, 16] [0, 1, 0, 1]
23 3.9982595443725586 Robot: (129, 23, [0, 1, 0, 0]) Solution: [129, 23] [0, 1, 0, 0]
30 5.209524631500244 Robot: (117, 17, [0, 0, 0, 0]) Solution: [117, 17] [0, 0, 0, 0]
17 2.956878423690796 Robot: (84, 14, [1, 0, 1, 0]) Solution: [84, 14] [1, 0, 1, 0]
51 8.811513423919678 Robot: (22, 43, [1, 0, 1, 0]) Solution: [22, 43] [1, 0, 1, 0]
22 3.7907748222351074 Robot: (110, 20, [0, 0, 0, 0]) Solution: [110, 20] [0, 0, 0, 0]
24 4.1588616371154785 Robot: (120, 20, [0, 0, 0, 1]) Solution: [120, 20] [0, 0, 0, 1]
23 3.968672275543213 Robot: (135, 41, [0, 0, 1, 1]) Solution: [135, 41] [0, 0, 1, 1]
20 3.4449925422668457 Robot: (81, 52, [0, 1, 0, 0]) Solution: [81, 52] [0, 1, 0, 0]
23 3.9905364513397217 Robot: (49, 52, [0, 1, 0, 0]) Solution: [49, 52] [0, 1, 0, 0]
14 2.429692506790161 Robot: (64, 35, [1, 0, 1, 0]) Solution: [64, 35] [1, 0, 1, 0]
25 4.3089070320129395 Robot: (143, 36, [0, 0, 0, 1]) Solution: [143, 36] [0, 0, 0, 1]
30 5.167036771774292 Robot: (91, 39, [1, 1, 0, 0]) Solution: [91, 39] [1, 1, 0, 0]
21 3.6348459720611572 Robot: (107, 21, [0, 1, 0, 0]) Solution: [107, 21] [0, 1, 0, 0]
17 2.954953670501709 Robot: (153, 36, [0, 1, 0, 0]) Solution: [153, 36] [0, 1, 0, 0]
42 7.260581016540527 Robot: (51, 32, [0, 0, 0, 1]) Solution: [51, 32] [0, 0, 0, 1]
32 5.532884836196899 Robot: (75, 5, [0, 0, 1, 1]) Solution: [75, 5] [0, 0, 1, 1]
43 7.454030513763428 Robot: (106, 13, [1, 0, 1, 0]) Solution: [106, 13] [1, 0, 1, 0]
13 2.2374188899993896 Robot: (135, 6, [0, 1, 0, 1]) Solution: [135, 6] [0, 1, 0, 1]
21 3.6202125549316406 Robot: (125, 16, [0, 1, 0, 0]) Solution: [125, 16] [0, 1, 0, 0]
40 6.896799325942993 Robot: (57, 53, [1, 0, 1, 0]) Solution: [57, 53] [1, 0, 1, 0]
24 4.172023773193359 Robot: (75, 11, [0, 0, 1, 0]) Solution: [75, 11] [0, 0, 1, 0]
21 3.6461336612701416 Robot: (100, 29, [1, 0, 1, 0]) Solution: [100, 29] [1, 0, 1, 0]
33 5.717922210693359 Robot: (148, 40, [0, 1, 0, 0]) Solution: [148, 40] [0, 1, 0, 0]
26 4.481266736984253 Robot: (93, 39, [0, 0, 0, 1]) Solution: [93, 39] [0, 0, 0, 1]
24 4.122488737106323 Robot: (133, 1, [1, 0, 1, 0]) Solution: [133, 1] [1, 0, 1, 0]
16 2.776935338973999 Robot: (83, 23, [0, 1, 0, 1]) Solution: [83, 23] [0, 1, 0, 1]
13 2.241722822189331 Robot: (35, 43, [0, 0, 0, 0]) Solution: [35, 43] [0, 0, 0, 0]
27 4.663635730743408 Robot: (148, 40, [0, 1, 0, 0]) Solution: [148, 40] [0, 1, 0, 0]
47 8.106126070022583 Robot: (9, 5, [0, 0, 0, 1]) Solution: [9, 5] [0, 0, 0, 1]
26 4.482446193695068 Robot: (25, 47, [0, 0, 1, 1]) Solution: [25, 47] [0, 0, 1, 1]
33 5.686187744140625 Robot: (125, 3, [0, 1, 0, 0]) Solution: [125, 3] [0, 1, 0, 0]
23 3.9377784729003906 Robot: (133, 23, [0, 1, 1, 0]) Solution: [133, 23] [0, 1, 1, 0]
56 9.663012027740479 Robot: (148, 26, [0, 1, 0, 1]) Solution: [148, 26] [0, 1, 0, 1]
44 7.617268800735474 Robot: (75, 4, [0, 1, 0, 0]) Solution: [75, 4] [0, 1, 0, 0]
46 7.918523788452148 Robot: (101, 12, [0, 0, 0, 0]) Solution: [101, 12] [0, 0, 0, 0]
26 4.457530975341797 Robot: (23, 11, [0, 1, 0, 0]) Solution: [23, 11] [0, 1, 0, 0]
57 9.829506158828735 Robot: (144, 23, [1, 0, 1, 0]) Solution: [144, 23] [1, 0, 1, 0]
15 2.582669973373413 Robot: (146, 10, [1, 0, 0, 1]) Solution: [146, 10] [1, 0, 0, 1]
44 7.581666707992554 Robot: (63, 41, [0, 0, 0, 0]) Solution: [63, 41] [0, 0, 0, 0]
14 2.408900737762451 Robot: (49, 18, [0, 1, 0, 1]) Solution: [49, 18] [0, 1, 0, 1]
13 2.2268660068511963 Robot: (104, 22, [0, 1, 0, 0]) Solution: [104, 22] [0, 1, 0, 0]
19 3.2616899013519287 Robot: (119, 29, [1, 0, 1, 0]) Solution: [119, 29] [1, 0, 1, 0]
11 1.898636817932129 Robot: (48, 20, [1, 0, 0, 0]) Solution: [48, 20] [1, 0, 0, 0]
33 5.697519779205322 Robot: (54, 45, [0, 0, 1, 0]) Solution: [54, 45] [0, 0, 1, 0]
20 3.434356927871704 Robot: (117, 23, [1, 0, 0, 0]) Solution: [117, 23] [1, 0, 0, 0]
15 2.56443190574646 Robot: (43, 27, [1, 0, 1, 0]) Solution: [43, 27] [1, 0, 1, 0]
57 9.859396696090698 Robot: (2, 30, [0, 0, 0, 0]) Solution: [2, 30] [0, 0, 0, 0]
72 12.422036170959473 Robot: (116, 4, [0, 0, 0, 1]) Solution: [116, 4] [0, 0, 0, 1]
19 3.2955055236816406 Robot: (3, 45, [0, 0, 1, 1]) Solution: [3, 45] [0, 0, 1, 1]
18 3.0913617610931396 Robot: (144, 36, [1, 0, 0, 0]) Solution: [144, 36] [1, 0, 0, 0]
23 4.0009071826934814 Robot: (48, 29, [0, 0, 0, 0]) Solution: [48, 29] [0, 0, 0, 0]
42 7.239117622375488 Robot: (131, 49, [1, 0, 0, 0]) Solution: [131, 49] [1, 0, 0, 0]
40 6.907626152038574 Robot: (151, 21, [1, 0, 0, 0]) Solution: [151, 21] [1, 0, 0, 0]
16 2.7586090564727783 Robot: (140, 10, [1, 0, 0, 0]) Solution: [140, 10] [1, 0, 0, 0]
20 3.4402859210968018 Robot: (99, 21, [0, 0, 0, 0]) Solution: [99, 21] [0, 0, 0, 0]
31 5.3318116664886475 Robot: (103, 15, [1, 0, 0, 1]) Solution: [103, 15] [1, 0, 0, 1]
44 7.582682132720947 Robot: (61, 32, [0, 1, 0, 1]) Solution: [61, 32] [0, 1, 0, 1]
44 7.58929443359375 Robot: (120, 50, [0, 0, 0, 1]) Solution: [120, 50] [0, 0, 0, 1]
67 11.602690696716309 Robot: (75, 49, [1, 0, 0, 1]) Solution: [75, 49] [1, 0, 0, 1]
28 4.811185359954834 Robot: (77, 31, [0, 0, 0, 1]) Solution: [77, 31] [0, 0, 0, 1]
18 3.094898223876953 Robot: (123, 37, [0, 0, 0, 1]) Solution: [123, 37] [0, 0, 0, 1]
32 5.519938230514526 Robot: (77, 29, [0, 0, 0, 0]) Solution: [77, 29] [0, 0, 0, 0]
22 3.784625291824341 Robot: (69, 27, [0, 0, 0, 1]) Solution: [69, 27] [0, 0, 0, 1]
46 7.931012868881226 Robot: (11, 31, [0, 1, 1, 0]) Solution: [11, 31] [0, 1, 1, 0]
15 2.5834832191467285 Robot: (21, 53, [0, 0, 1, 0]) Solution: [21, 53] [0, 0, 1, 0]
13 2.226738452911377 Robot: (124, 3, [1, 0, 1, 0]) Solution: [124, 3] [1, 0, 1, 0]
16 2.7267825603485107 Robot: (61, 52, [0, 0, 0, 1]) Solution: [61, 52] [0, 0, 0, 1]
17 2.915773391723633 Robot: (3, 1, [1, 0, 0, 0]) Solution: [3, 1] [1, 0, 0, 0]
30 5.175788640975952 Robot: (96, 17, [1, 0, 1, 0]) Solution: [96, 17] [1, 0, 1, 0]
30 5.1675615310668945 Robot: (40, 47, [1, 0, 0, 0]) Solution: [40, 47] [1, 0, 0, 0]
11 1.8666443824768066 Robot: (26, 24, [0, 1, 1, 0]) Solution: [26, 24] [0, 1, 1, 0]
17 2.9340243339538574 Robot: (15, 31, [0, 0, 1, 0]) Solution: [15, 31] [0, 0, 1, 0]
23 3.9622628688812256 Robot: (30, 15, [1, 0, 0, 0]) Solution: [30, 15] [1, 0, 0, 0]
17 2.9596033096313477 Robot: (44, 10, [0, 0, 1, 0]) Solution: [44, 10] [0, 0, 1, 0]
17 2.9331345558166504 Robot: (29, 27, [1, 0, 0, 1]) Solution: [29, 27] [1, 0, 0, 1]
34 5.8300940990448 Robot: (70, 33, [1, 0, 1, 0]) Solution: [70, 33] [1, 0, 1, 0]
23 3.9521470069885254 Robot: (9, 4, [0, 1, 0, 1]) Solution: [9, 4] [0, 1, 0, 1]
24 4.153638124465942 Robot: (111, 3, [0, 0, 1, 0]) Solution: [111, 3] [0, 0, 1, 0]
16 2.76167893409729 Robot: (49, 50, [0, 1, 0, 0]) Solution: [49, 50] [0, 1, 0, 0]
19 3.2607386112213135 Robot: (57, 3, [1, 0, 1, 0]) Solution: [57, 3] [1, 0, 1, 0]
18 3.123757839202881 Robot: (60, 19, [1, 0, 1, 0]) Solution: [60, 19] [1, 0, 1, 0]
34 5.902713775634766 Robot: (49, 53, [0, 0, 1, 0]) Solution: [49, 53] [0, 0, 1, 0]
21 3.6189990043640137 Robot: (153, 20, [0, 1, 0, 1]) Solution: [153, 20] [0, 1, 0, 1]
12 2.0586795806884766 Robot: (61, 47, [0, 0, 0, 1]) Solution: [61, 47] [0, 0, 0, 1]
18 3.115779161453247 Robot: (26, 19, [1, 0, 0, 0]) Solution: [26, 19] [1, 0, 0, 0]
13 2.238968849182129 Robot: (104, 46, [0, 1, 0, 1]) Solution: [104, 46] [0, 1, 0, 1]
18 3.090942144393921 Robot: (68, 46, [0, 0, 1, 0]) Solution: [68, 46] [0, 0, 1, 0]
21 3.6254262924194336 Robot: (32, 37, [0, 0, 0, 0]) Solution: [32, 37] [0, 0, 0, 0]
26 4.4699320793151855 Robot: (120, 11, [0, 0, 0, 0]) Solution: [120, 11] [0, 0, 0, 0]
12 2.0629570484161377 Robot: (101, 43, [1, 0, 1, 0]) Solution: [101, 43] [1, 0, 1, 0]
19 3.268364429473877 Robot: (25, 35, [1, 1, 0, 0]) Solution: [25, 35] [1, 1, 0, 0]
15 2.5779638290405273 Robot: (27, 23, [1, 0, 1, 0]) Solution: [27, 23] [1, 0, 1, 0]
23 3.984917163848877 Robot: (109, 43, [0, 0, 0, 1]) Solution: [109, 43] [0, 0, 0, 1]
17 2.9192237854003906 Robot: (46, 7, [1, 0, 1, 0]) Solution: [46, 7] [1, 0, 1, 0]
18 3.1067121028900146 Robot: (8, 44, [0, 0, 1, 0]) Solution: [8, 44] [0, 0, 1, 0]
13 2.2463927268981934 Robot: (49, 15, [1, 0, 1, 0]) Solution: [49, 15] [1, 0, 1, 0]
17 2.9493796825408936 Robot: (22, 15, [1, 0, 0, 0]) Solution: [22, 15] [1, 0, 0, 0]
20 3.4719197750091553 Robot: (148, 45, [0, 0, 1, 0]) Solution: [148, 45] [0, 0, 1, 0]
36 6.257600784301758 Robot: (120, 5, [0, 0, 1, 0]) Solution: [120, 5] [0, 0, 1, 0]
18 3.102936029434204 Robot: (113, 5, [1, 0, 1, 0]) Solution: [113, 5] [1, 0, 1, 0]
21 3.597174644470215 Robot: (70, 29, [1, 0, 0, 0]) Solution: [70, 29] [1, 0, 0, 0]
30 5.155605792999268 Robot: (65, 3, [0, 0, 0, 0]) Solution: [65, 3] [0, 0, 0, 0]
31 5.345999002456665 Robot: (150, 49, [1, 0, 1, 0]) Solution: [150, 49] [1, 0, 1, 0]
27 4.645612955093384 Robot: (29, 5, [0, 0, 0, 1]) Solution: [29, 5] [0, 0, 0, 1]
29 5.002763271331787 Robot: (134, 30, [0, 0, 0, 0]) Solution: [134, 30] [0, 0, 0, 0]
31 5.3301966190338135 Robot: (153, 11, [0, 1, 0, 0]) Solution: [153, 11] [0, 1, 0, 0]
18 3.124945878982544 Robot: (37, 45, [0, 0, 0, 1]) Solution: [37, 45] [0, 0, 0, 1]
35 6.025099277496338 Robot: (103, 35, [0, 0, 0, 0]) Solution: [103, 35] [0, 0, 0, 0]
32 5.506493330001831 Robot: (35, 6, [0, 1, 0, 1]) Solution: [35, 6] [0, 1, 0, 1]
23 3.94620418548584 Robot: (142, 11, [1, 0, 0, 0]) Solution: [142, 11] [1, 0, 0, 0]
40 6.9003119468688965 Robot: (117, 10, [0, 1, 0, 1]) Solution: [117, 10] [0, 1, 0, 1]
27 4.652439117431641 Robot: (147, 12, [0, 1, 0, 1]) Solution: [147, 12] [0, 1, 0, 1]
25 4.315097808837891 Robot: (116, 3, [1, 0, 0, 0]) Solution: [116, 3] [1, 0, 0, 0]
15 2.569361448287964 Robot: (4, 24, [0, 0, 0, 1]) Solution: [4, 24] [0, 0, 0, 1]
13 2.217787265777588 Robot: (31, 24, [0, 1, 0, 0]) Solution: [31, 24] [0, 1, 0, 0]
14 2.4034290313720703 Robot: (25, 3, [0, 1, 0, 0]) Solution: [25, 3] [0, 1, 0, 0]
30 5.152652740478516 Robot: (71, 19, [0, 0, 1, 0]) Solution: [71, 19] [0, 0, 1, 0]
13 2.2301840782165527 Robot: (35, 17, [1, 0, 0, 0]) Solution: [35, 17] [1, 0, 0, 0]
17 2.9409193992614746 Robot: (128, 30, [1, 0, 1, 0]) Solution: [128, 30] [1, 0, 1, 0]
13 2.212306499481201 Robot: (91, 44, [0, 1, 0, 1]) Solution: [91, 44] [0, 1, 0, 1]
16 2.76886248588562 Robot: (73, 41, [0, 0, 0, 0]) Solution: [73, 41] [0, 0, 0, 0]
20 3.4357542991638184 Robot: (36, 49, [0, 0, 1, 0]) Solution: [36, 49] [0, 0, 1, 0]
12 2.063063621520996 Robot: (136, 37, [0, 0, 0, 0]) Solution: [136, 37] [0, 0, 0, 0]
13 2.216785430908203 Robot: (133, 29, [0, 0, 0, 1]) Solution: [133, 29] [0, 0, 0, 1]
25 4.308088779449463 Robot: (71, 3, [0, 1, 0, 0]) Solution: [71, 3] [0, 1, 0, 0]
26 4.478172779083252 Robot: (73, 48, [0, 0, 0, 1]) Solution: [73, 48] [0, 0, 0, 1]
18 3.1037275791168213 Robot: (50, 10, [0, 1, 0, 1]) Solution: [50, 10] [0, 1, 0, 1]
17 2.9225914478302 Robot: (80, 35, [1, 0, 1, 0]) Solution: [80, 35] [1, 0, 1, 0]
28 4.810013294219971 Robot: (57, 42, [0, 1, 0, 1]) Solution: [57, 42] [0, 1, 0, 1]
24 4.137279272079468 Robot: (132, 50, [0, 0, 1, 0]) Solution: [132, 50] [0, 0, 1, 0]
23 3.9706168174743652 Robot: (52, 26, [0, 0, 0, 1]) Solution: [52, 26] [0, 0, 0, 1]
15 2.564262866973877 Robot: (60, 43, [1, 0, 1, 0]) Solution: [60, 43] [1, 0, 1, 0]
13 2.2623560428619385 Robot: (31, 35, [0, 0, 0, 0]) Solution: [31, 35] [0, 0, 0, 0]
15 2.5885889530181885 Robot: (49, 50, [0, 1, 0, 0]) Solution: [49, 50] [0, 1, 0, 0]
23 3.941209077835083 Robot: (133, 47, [0, 0, 0, 1]) Solution: [133, 47] [0, 0, 0, 1]
21 3.6326608657836914 Robot: (70, 33, [1, 0, 1, 0]) Solution: [70, 33] [1, 0, 1, 0]
33 5.6913793087005615 Robot: (109, 35, [0, 1, 0, 1]) Solution: [109, 35] [0, 1, 0, 1]
30 5.188527822494507 Robot: (39, 3, [0, 0, 0, 0]) Solution: [39, 3] [0, 0, 0, 0]
40 6.930767059326172 Robot: (148, 26, [0, 1, 0, 1]) Solution: [148, 26] [0, 1, 0, 1]
15 2.5886120796203613 Robot: (130, 38, [0, 0, 1, 0]) Solution: [130, 38] [0, 0, 1, 0]
20 3.4309349060058594 Robot: (31, 19, [1, 0, 0, 1]) Solution: [31, 19] [1, 0, 0, 1]
20 3.4282803535461426 Robot: (153, 29, [1, 1, 0, 0]) Solution: [153, 29] [1, 1, 0, 0]
20 3.434924602508545 Robot: (141, 3, [1, 0, 0, 0]) Solution: [141, 3] [1, 0, 0, 0]
38 6.551899194717407 Robot: (127, 10, [0, 0, 0, 1]) Solution: [127, 10] [0, 0, 0, 1]
25 4.279886960983276 Robot: (64, 37, [1, 0, 1, 0]) Solution: [64, 37] [1, 0, 1, 0]
21 3.6318206787109375 Robot: (63, 27, [1, 0, 0, 1]) Solution: [63, 27] [1, 0, 0, 1]
11 1.8755812644958496 Robot: (46, 31, [1, 0, 0, 0]) Solution: [46, 31] [1, 0, 0, 0]
35 6.017883777618408 Robot: (16, 51, [0, 0, 1, 0]) Solution: [16, 51] [0, 0, 1, 0]
61 10.510106801986694 Robot: (43, 47, [0, 0, 0, 0]) Solution: [43, 47] [0, 0, 0, 0]
13 2.242985486984253 Robot: (98, 27, [1, 0, 0, 0]) Solution: [98, 27] [1, 0, 0, 0]
11 1.8863487243652344 Robot: (137, 35, [1, 1, 0, 0]) Solution: [137, 35] [1, 1, 0, 0]
26 4.476161956787109 Robot: (151, 8, [0, 1, 0, 1]) Solution: [151, 8] [0, 1, 0, 1]
44 7.595036745071411 Robot: (149, 37, [1, 1, 0, 0]) Solution: [149, 37] [1, 1, 0, 0]
14 2.3918304443359375 Robot: (64, 33, [0, 0, 1, 0]) Solution: [64, 33] [0, 0, 1, 0]
20 3.4376416206359863 Robot: (72, 33, [0, 0, 0, 0]) Solution: [72, 33] [0, 0, 0, 0]
18 3.090728998184204 Robot: (63, 11, [0, 0, 0, 1]) Solution: [63, 11] [0, 0, 0, 1]
26 4.455093145370483 Robot: (105, 28, [0, 0, 0, 0]) Solution: [105, 28] [0, 0, 0, 0]
39 6.73607063293457 Robot: (36, 51, [1, 0, 0, 0]) Solution: [36, 51] [1, 0, 0, 0]
27 4.650379180908203 Robot: (11, 23, [1, 0, 1, 0]) Solution: [11, 23] [1, 0, 1, 0]
16 2.7531516551971436 Robot: (127, 23, [0, 0, 0, 0]) Solution: [127, 23] [0, 0, 0, 0]
30 5.1745946407318115 Robot: (45, 25, [1, 1, 0, 0]) Solution: [45, 25] [1, 1, 0, 0]
15 2.5798490047454834 Robot: (7, 20, [0, 0, 0, 1]) Solution: [7, 20] [0, 0, 0, 1]
24 4.131062269210815 Robot: (137, 11, [0, 0, 1, 1]) Solution: [137, 11] [0, 0, 1, 1]
28 4.803014755249023 Robot: (37, 25, [1, 0, 1, 0]) Solution: [37, 25] [1, 0, 1, 0]
12 2.096644878387451 Robot: (153, 43, [0, 1, 0, 0]) Solution: [153, 43] [0, 1, 0, 0]
37 6.388808488845825 Robot: (6, 44, [0, 0, 0, 1]) Solution: [6, 44] [0, 0, 0, 1]
16 2.7757749557495117 Robot: (90, 20, [0, 0, 1, 1]) Solution: [90, 20] [0, 0, 1, 1]
19 3.2644824981689453 Robot: (14, 48, [1, 0, 0, 0]) Solution: [14, 48] [1, 0, 0, 0]
23 3.9866063594818115 Robot: (4, 21, [0, 0, 0, 0]) Solution: [4, 21] [0, 0, 0, 0]
25 4.308907747268677 Robot: (122, 47, [0, 0, 1, 0]) Solution: [122, 47] [0, 0, 1, 0]
28 4.875622034072876 Robot: (67, 1, [1, 0, 1, 0]) Solution: [67, 1] [1, 0, 1, 0]
19 3.268819808959961 Robot: (151, 22, [0, 1, 0, 0]) Solution: [151, 22] [0, 1, 0, 0]
14 2.4176418781280518 Robot: (72, 33, [0, 0, 0, 0]) Solution: [72, 33] [0, 0, 0, 0]
42 7.275542736053467 Robot: (75, 21, [1, 0, 0, 0]) Solution: [75, 21] [1, 0, 0, 0]
12 2.05194354057312 Robot: (71, 31, [0, 1, 0, 0]) Solution: [71, 31] [0, 1, 0, 0]
16 2.7632803916931152 Robot: (115, 29, [1, 0, 0, 1]) Solution: [115, 29] [1, 0, 0, 1]
14 2.4118075370788574 Robot: (33, 41, [0, 1, 1, 0]) Solution: [33, 41] [0, 1, 1, 0]
56 9.661421298980713 Robot: (101, 7, [0, 0, 0, 1]) Solution: [101, 7] [0, 0, 0, 1]
16 2.729443311691284 Robot: (13, 17, [0, 0, 0, 1]) Solution: [13, 17] [0, 0, 0, 1]
24 4.159366846084595 Robot: (25, 49, [1, 0, 0, 1]) Solution: [25, 49] [1, 0, 0, 1]
16 2.7667362689971924 Robot: (140, 27, [0, 0, 0, 0]) Solution: [140, 27] [0, 0, 0, 0]
33 5.711806058883667 Robot: (24, 16, [0, 0, 0, 1]) Solution: [24, 16] [0, 0, 0, 1]
30 5.168871641159058 Robot: (19, 12, [0, 0, 0, 0]) Solution: [19, 12] [0, 0, 0, 0]
17 2.927149534225464 Robot: (27, 43, [0, 0, 0, 1]) Solution: [27, 43] [0, 0, 0, 1]
26 4.488321781158447 Robot: (55, 48, [0, 0, 0, 1]) Solution: [55, 48] [0, 0, 0, 1]
47 8.085382223129272 Robot: (31, 41, [0, 0, 0, 0]) Solution: [31, 41] [0, 0, 0, 0]
15 2.5592262744903564 Robot: (109, 45, [0, 0, 0, 0]) Solution: [109, 45] [0, 0, 0, 0]
19 3.2651779651641846 Robot: (21, 42, [0, 1, 0, 1]) Solution: [21, 42] [0, 1, 0, 1]
43 7.470597743988037 Robot: (15, 31, [0, 0, 1, 0]) Solution: [15, 31] [0, 0, 1, 0]
32 5.540763854980469 Robot: (73, 38, [0, 1, 0, 1]) Solution: [73, 38] [0, 1, 0, 1]
22 3.79864239692688 Robot: (73, 9, [0, 0, 0, 1]) Solution: [73, 9] [0, 0, 0, 1]
26 4.504655122756958 Robot: (49, 30, [0, 1, 0, 0]) Solution: [49, 30] [0, 1, 0, 0]
12 2.046213388442993 Robot: (89, 17, [0, 1, 1, 1]) Solution: [89, 17] [0, 1, 1, 1]
30 5.177998781204224 Robot: (82, 15, [0, 0, 0, 0]) Solution: [82, 15] [0, 0, 0, 0]
21 3.6093058586120605 Robot: (109, 2, [0, 0, 0, 0]) Solution: [109, 2] [0, 0, 0, 0]
22 3.7961630821228027 Robot: (73, 7, [0, 1, 0, 0]) Solution: [73, 7] [0, 1, 0, 0]
13 2.244817018508911 Robot: (125, 43, [0, 0, 0, 0]) Solution: [125, 43] [0, 0, 0, 0]
25 4.323288202285767 Robot: (13, 18, [0, 1, 0, 1]) Solution: [13, 18] [0, 1, 0, 1]
37 6.4173548221588135 Robot: (114, 1, [1, 0, 1, 0]) Solution: [114, 1] [1, 0, 1, 0]
18 3.1003494262695312 Robot: (59, 14, [0, 0, 0, 1]) Solution: [59, 14] [0, 0, 0, 1]
25 4.324916839599609 Robot: (30, 45, [1, 0, 1, 0]) Solution: [30, 45] [1, 0, 1, 0]
17 2.9345362186431885 Robot: (20, 34, [0, 0, 1, 0]) Solution: [20, 34] [0, 0, 1, 0]
23 3.9793038368225098 Robot: (100, 34, [0, 0, 0, 1]) Solution: [100, 34] [0, 0, 0, 1]
18 3.0927515029907227 Robot: (75, 30, [0, 1, 0, 1]) Solution: [75, 30] [0, 1, 0, 1]
16 2.7462775707244873 Robot: (28, 47, [0, 0, 1, 0]) Solution: [28, 47] [0, 0, 1, 0]
15 2.59842586517334 Robot: (42, 13, [0, 0, 1, 0]) Solution: [42, 13] [0, 0, 1, 0]
19 3.274073362350464 Robot: (99, 22, [0, 1, 0, 1]) Solution: [99, 22] [0, 1, 0, 1]
29 5.005720853805542 Robot: (27, 45, [0, 0, 0, 1]) Solution: [27, 45] [0, 0, 0, 1]
15 2.578416109085083 Robot: (62, 52, [1, 0, 0, 0]) Solution: [62, 52] [1, 0, 0, 0]
18 3.0902907848358154 Robot: (91, 25, [1, 0, 1, 0]) Solution: [91, 25] [1, 0, 1, 0]
21 3.606870412826538 Robot: (135, 31, [0, 0, 1, 0]) Solution: [135, 31] [0, 0, 1, 0]
29 4.975853204727173 Robot: (50, 37, [1, 0, 1, 0]) Solution: [50, 37] [1, 0, 1, 0]
23 3.946397066116333 Robot: (16, 50, [0, 1, 0, 1]) Solution: [16, 50] [0, 1, 0, 1]
21 3.6078317165374756 Robot: (66, 21, [0, 0, 1, 0]) Solution: [66, 21] [0, 0, 1, 0]
24 4.1410651206970215 Robot: (95, 43, [1, 0, 0, 1]) Solution: [95, 43] [1, 0, 0, 1]
20 3.4527177810668945 Robot: (33, 45, [1, 0, 0, 0]) Solution: [33, 45] [1, 0, 0, 0]
36 6.208211421966553 Robot: (79, 50, [0, 1, 0, 1]) Solution: [79, 50] [0, 1, 0, 1]
22 3.797008991241455 Robot: (87, 2, [0, 1, 0, 0]) Solution: [87, 2] [0, 1, 0, 0]
33 5.685918092727661 Robot: (63, 3, [1, 0, 0, 0]) Solution: [63, 3] [1, 0, 0, 0]
14 2.4175705909729004 Robot: (46, 36, [0, 0, 0, 1]) Solution: [46, 36] [0, 0, 0, 1]
16 2.740452527999878 Robot: (15, 6, [0, 0, 0, 1]) Solution: [15, 6] [0, 0, 0, 1]
33 5.671042442321777 Robot: (86, 11, [0, 0, 1, 0]) Solution: [86, 11] [0, 0, 1, 0]
49 8.471768856048584 Robot: (59, 40, [0, 0, 0, 1]) Solution: [59, 40] [0, 0, 0, 1]
46 7.946072578430176 Robot: (7, 51, [1, 0, 1, 0]) Solution: [7, 51] [1, 0, 1, 0]
20 3.4519402980804443 Robot: (134, 25, [1, 0, 1, 0]) Solution: [134, 25] [1, 0, 1, 0]
12 2.0675296783447266 Robot: (122, 25, [0, 0, 1, 0]) Solution: [122, 25] [0, 0, 1, 0]
16 2.7385315895080566 Robot: (17, 21, [1, 0, 1, 0]) Solution: [17, 21] [1, 0, 1, 0]
24 4.129109621047974 Robot: (45, 49, [1, 1, 0, 0]) Solution: [45, 49] [1, 1, 0, 0]
27 4.661460876464844 Robot: (21, 23, [1, 0, 0, 1]) Solution: [21, 23] [1, 0, 0, 1]
14 2.4052765369415283 Robot: (131, 33, [0, 0, 0, 1]) Solution: [131, 33] [0, 0, 0, 1]
18 3.0745863914489746 Robot: (43, 36, [0, 0, 0, 0]) Solution: [43, 36] [0, 0, 0, 0]
27 4.670065879821777 Robot: (6, 10, [1, 0, 0, 1]) Solution: [6, 10] [1, 0, 0, 1]
33 5.719447135925293 Robot: (131, 41, [1, 0, 0, 1]) Solution: [131, 41] [1, 0, 0, 1]
20 3.446837902069092 Robot: (27, 5, [0, 1, 1, 1]) Solution: [27, 5] [0, 1, 1, 1]
23 3.985973358154297 Robot: (22, 34, [0, 1, 0, 0]) Solution: [22, 34] [0, 1, 0, 0]
25 4.2886505126953125 Robot: (1, 35, [0, 0, 0, 1]) Solution: [1, 35] [0, 0, 0, 1]
50 8.624659299850464 Robot: (64, 13, [0, 0, 0, 0]) Solution: [64, 13] [0, 0, 0, 0]
16 2.761363983154297 Robot: (7, 44, [0, 0, 0, 0]) Solution: [7, 44] [0, 0, 0, 0]
18 3.1057791709899902 Robot: (25, 3, [0, 1, 0, 0]) Solution: [25, 3] [0, 1, 0, 0]
17 2.9172844886779785 Robot: (129, 24, [0, 1, 0, 0]) Solution: [129, 24] [0, 1, 0, 0]
44 7.595606327056885 Robot: (90, 11, [1, 0, 1, 0]) Solution: [90, 11] [1, 0, 1, 0]
18 3.1083199977874756 Robot: (36, 15, [1, 0, 0, 0]) Solution: [36, 15] [1, 0, 0, 0]
18 3.109575033187866 Robot: (143, 7, [0, 0, 1, 0]) Solution: [143, 7] [0, 0, 1, 0]
36 6.580205678939819 Robot: (1, 45, [0, 1, 0, 1]) Solution: [1, 45] [0, 1, 0, 1]
14 2.3963840007781982 Robot: (77, 47, [1, 0, 0, 1]) Solution: [77, 47] [1, 0, 0, 1]
16 2.730678081512451 Robot: (89, 33, [1, 0, 1, 0]) Solution: [89, 33] [1, 0, 1, 0]
17 2.9383127689361572 Robot: (133, 4, [0, 0, 0, 0]) Solution: [133, 4] [0, 0, 0, 0]
27 4.637852668762207 Robot: (33, 13, [0, 1, 0, 1]) Solution: [33, 13] [0, 1, 0, 1]
20 3.4446334838867188 Robot: (103, 16, [0, 1, 0, 0]) Solution: [103, 16] [0, 1, 0, 0]
21 3.6200711727142334 Robot: (59, 5, [1, 0, 0, 0]) Solution: [59, 5] [1, 0, 0, 0]
18 3.0792946815490723 Robot: (37, 38, [0, 1, 0, 0]) Solution: [37, 38] [0, 1, 0, 0]
40 6.891389846801758 Robot: (123, 15, [0, 0, 1, 1]) Solution: [123, 15] [0, 0, 1, 1]
24 4.156874418258667 Robot: (30, 53, [0, 0, 1, 0]) Solution: [30, 53] [0, 0, 1, 0]
25 4.3179991245269775 Robot: (37, 15, [0, 0, 1, 0]) Solution: [37, 15] [0, 0, 1, 0]
15 2.5659401416778564 Robot: (146, 5, [1, 0, 1, 0]) Solution: [146, 5] [1, 0, 1, 0]
39 6.729351282119751 Robot: (1, 33, [0, 1, 0, 1]) Solution: [1, 33] [0, 1, 0, 1]
21 3.598025321960449 Robot: (75, 11, [0, 0, 1, 0]) Solution: [75, 11] [0, 0, 1, 0]
31 5.34995698928833 Robot: (57, 50, [0, 1, 0, 1]) Solution: [57, 50] [0, 1, 0, 1]
15 2.595106840133667 Robot: (144, 9, [1, 0, 0, 0]) Solution: [144, 9] [1, 0, 0, 0]
20 3.4498376846313477 Robot: (55, 3, [1, 0, 0, 0]) Solution: [55, 3] [1, 0, 0, 0]
101 17.472123622894287 Robot: (75, 23, [0, 0, 0, 0]) Solution: [75, 23] [0, 0, 0, 0]
17 2.921236276626587 Robot: (86, 7, [1, 0, 1, 0]) Solution: [86, 7] [1, 0, 1, 0]
18 3.091965913772583 Robot: (48, 24, [1, 0, 0, 0]) Solution: [48, 24] [1, 0, 0, 0]
16 2.7515900135040283 Robot: (5, 5, [0, 1, 1, 0]) Solution: [5, 5] [0, 1, 1, 0]
18 3.0712180137634277 Robot: (28, 36, [0, 1, 0, 1]) Solution: [28, 36] [0, 1, 0, 1]
20 3.4179980754852295 Robot: (105, 38, [0, 1, 0, 1]) Solution: [105, 38] [0, 1, 0, 1]
20 3.4192891120910645 Robot: (92, 16, [1, 0, 1, 0]) Solution: [92, 16] [1, 0, 1, 0]
38 6.552521705627441 Robot: (120, 1, [1, 0, 1, 0]) Solution: [120, 1] [1, 0, 1, 0]
19 3.2669904232025146 Robot: (149, 15, [0, 0, 0, 0]) Solution: [149, 15] [0, 0, 0, 0]
20 3.451467275619507 Robot: (141, 53, [0, 0, 1, 1]) Solution: [141, 53] [0, 0, 1, 1]
17 2.9244115352630615 Robot: (41, 28, [0, 1, 0, 0]) Solution: [41, 28] [0, 1, 0, 0]
41 7.106053352355957 Robot: (96, 15, [1, 0, 1, 0]) Solution: [96, 15] [1, 0, 1, 0]
27 4.6727454662323 Robot: (137, 46, [0, 0, 0, 0]) Solution: [137, 46] [0, 0, 0, 0]
16 2.7471249103546143 Robot: (100, 37, [1, 0, 1, 0]) Solution: [100, 37] [1, 0, 1, 0]
32 5.500715970993042 Robot: (107, 23, [0, 1, 0, 0]) Solution: [107, 23] [0, 1, 0, 0]
14 2.410456657409668 Robot: (115, 33, [0, 1, 0, 1]) Solution: [115, 33] [0, 1, 0, 1]
61 10.576601266860962 Robot: (117, 1, [1, 0, 0, 0]) Solution: [117, 1] [1, 0, 0, 0]
21 3.6223268508911133 Robot: (17, 43, [1, 1, 0, 0]) Solution: [17, 43] [1, 1, 0, 0]
20 3.4424757957458496 Robot: (77, 39, [0, 1, 1, 0]) Solution: [77, 39] [0, 1, 1, 0]
28 4.848574638366699 Robot: (8, 10, [0, 1, 0, 0]) Solution: [8, 10] [0, 1, 0, 0]
20 3.4393365383148193 Robot: (143, 9, [1, 0, 0, 0]) Solution: [143, 9] [1, 0, 0, 0]
44 7.57678747177124 Robot: (12, 53, [1, 0, 1, 0]) Solution: [12, 53] [1, 0, 1, 0]
14 2.409766435623169 Robot: (61, 14, [0, 1, 0, 0]) Solution: [61, 14] [0, 1, 0, 0]
22 3.8011975288391113 Robot: (35, 7, [0, 0, 0, 0]) Solution: [35, 7] [0, 0, 0, 0]
44 7.633768320083618 Robot: (93, 40, [0, 1, 0, 1]) Solution: [93, 40] [0, 1, 0, 1]
26 4.475594997406006 Robot: (153, 43, [0, 1, 0, 0]) Solution: [153, 43] [0, 1, 0, 0]
36 6.270886182785034 Robot: (77, 7, [0, 0, 0, 0]) Solution: [77, 7] [0, 0, 0, 0]
14 2.4140520095825195 Robot: (1, 15, [1, 0, 0, 1]) Solution: [1, 15] [1, 0, 0, 1]
22 5.927767753601074 Robot: (81, 49, [0, 1, 0, 0]) Solution: [81, 49] [0, 1, 0, 0]
32 5.847896099090576 Robot: (123, 37, [0, 0, 0, 1]) Solution: [123, 37] [0, 0, 0, 1]
35 6.450904130935669 Robot: (96, 27, [0, 0, 0, 0]) Solution: [96, 27] [0, 0, 0, 0]
28 5.115426063537598 Robot: (140, 22, [1, 1, 0, 0]) Solution: [140, 22] [1, 1, 0, 0]
26 4.495886325836182 Robot: (14, 1, [1, 0, 0, 0]) Solution: [14, 1] [1, 0, 0, 0]
16 2.813352584838867 Robot: (121, 44, [0, 0, 0, 1]) Solution: [121, 44] [0, 0, 0, 1]
16 2.8301455974578857 Robot: (89, 31, [0, 0, 1, 0]) Solution: [89, 31] [0, 0, 1, 0]
21 3.744480609893799 Robot: (53, 3, [0, 0, 1, 1]) Solution: [53, 3] [0, 0, 1, 1]
20 3.5215916633605957 Robot: (143, 10, [0, 0, 0, 1]) Solution: [143, 10] [0, 0, 0, 1]
20 3.4901187419891357 Robot: (60, 27, [0, 0, 0, 0]) Solution: [60, 27] [0, 0, 0, 0]
12 2.0894668102264404 Robot: (99, 7, [0, 1, 0, 1]) Solution: [99, 7] [0, 1, 0, 1]
28 4.874268054962158 Robot: (141, 40, [0, 0, 0, 1]) Solution: [141, 40] [0, 0, 0, 1]
30 5.305449962615967 Robot: (125, 6, [0, 1, 0, 1]) Solution: [125, 6] [0, 1, 0, 1]
26 8.391340017318726 Robot: (98, 24, [0, 0, 1, 1]) Solution: [98, 24] [0, 0, 1, 1]
17 5.752122640609741 Robot: (110, 11, [0, 0, 1, 0]) Solution: [110, 11] [0, 0, 1, 0]
34 9.315722227096558 Robot: (32, 1, [1, 0, 0, 0]) Solution: [32, 1] [1, 0, 0, 0]
26 9.025036573410034 Robot: (151, 23, [0, 0, 1, 0]) Solution: [151, 23] [0, 0, 1, 0]
28 7.25004768371582 Robot: (63, 5, [0, 0, 1, 0]) Solution: [63, 5] [0, 0, 1, 0]
30 5.579175233840942 Robot: (25, 11, [0, 0, 1, 1]) Solution: [25, 11] [0, 0, 1, 1]
12 2.671128273010254 Robot: (71, 17, [0, 0, 0, 1]) Solution: [71, 17] [0, 0, 0, 1]
14 2.796583890914917 Robot: (65, 20, [0, 0, 0, 1]) Solution: [65, 20] [0, 0, 0, 1]
63 13.215113162994385 Robot: (15, 51, [1, 0, 1, 0]) Solution: [15, 51] [1, 0, 1, 0]
22 4.219939470291138 Robot: (94, 4, [0, 1, 0, 0]) Solution: [94, 4] [0, 1, 0, 0]
42 8.14925742149353 Robot: (65, 46, [0, 1, 0, 1]) Solution: [65, 46] [0, 1, 0, 1]
25 4.526971817016602 Robot: (97, 11, [1, 0, 1, 0]) Solution: [97, 11] [1, 0, 1, 0]
48 8.911160945892334 Robot: (35, 32, [0, 1, 0, 0]) Solution: [35, 32] [0, 1, 0, 0]
30 5.456858158111572 Robot: (137, 15, [1, 0, 0, 0]) Solution: [137, 15] [1, 0, 0, 0]
13 2.34879732131958 Robot: (120, 19, [1, 0, 0, 0]) Solution: [120, 19] [1, 0, 0, 0]
21 3.8798584938049316 Robot: (36, 21, [1, 0, 0, 0]) Solution: [36, 21] [1, 0, 0, 0]
15 3.124258041381836 Robot: (41, 16, [0, 1, 0, 0]) Solution: [41, 16] [0, 1, 0, 0]
23 4.5033018589019775 Robot: (116, 8, [0, 1, 0, 0]) Solution: [116, 8] [0, 1, 0, 0]
58 11.974115133285522 Robot: (27, 42, [0, 1, 0, 0]) Solution: [27, 42] [0, 1, 0, 0]
21 4.3752641677856445 Robot: (50, 29, [1, 0, 1, 0]) Solution: [50, 29] [1, 0, 1, 0]
16 3.5034306049346924 Robot: (48, 46, [0, 0, 1, 1]) Solution: [48, 46] [0, 0, 1, 1]
31 6.660337686538696 Robot: (140, 23, [0, 0, 0, 0]) Solution: [140, 23] [0, 0, 0, 0]
22 4.230762243270874 Robot: (110, 30, [0, 0, 0, 0]) Solution: [110, 30] [0, 0, 0, 0]
16 3.0850508213043213 Robot: (81, 7, [0, 1, 1, 0]) Solution: [81, 7] [0, 1, 1, 0]
33 6.5092222690582275 Robot: (100, 53, [0, 0, 1, 0]) Solution: [100, 53] [0, 0, 1, 0]
34 6.593853235244751 Robot: (139, 41, [0, 1, 1, 0]) Solution: [139, 41] [0, 1, 1, 0]
39 8.459661722183228 Robot: (22, 29, [1, 0, 0, 0]) Solution: [22, 29] [1, 0, 0, 0]
16 3.2082440853118896 Robot: (104, 47, [0, 0, 0, 0]) Solution: [104, 47] [0, 0, 0, 0]
28 5.361707925796509 Robot: (119, 31, [1, 0, 1, 0]) Solution: [119, 31] [1, 0, 1, 0]
36 7.394398212432861 Robot: (59, 6, [0, 1, 0, 0]) Solution: [59, 6] [0, 1, 0, 0]
39 7.9837775230407715 Robot: (31, 7, [0, 1, 0, 0]) Solution: [31, 7] [0, 1, 0, 0]
34 7.416315793991089 Robot: (13, 25, [1, 0, 0, 0]) Solution: [13, 25] [1, 0, 0, 0]
17 3.1766409873962402 Robot: (76, 49, [0, 0, 1, 0]) Solution: [76, 49] [0, 0, 1, 0]
16 3.885938882827759 Robot: (99, 1, [1, 0, 0, 1]) Solution: [99, 1] [1, 0, 0, 1]
40 9.464030265808105 Robot: (71, 23, [0, 0, 0, 0]) Solution: [71, 23] [0, 0, 0, 0]
29 6.640732526779175 Robot: (61, 31, [1, 1, 0, 0]) Solution: [61, 31] [1, 1, 0, 0]
42 8.853598833084106 Robot: (109, 15, [1, 0, 0, 0]) Solution: [109, 15] [1, 0, 0, 0]
27 8.420690774917603 Robot: (3, 31, [0, 0, 0, 0]) Solution: [3, 31] [0, 0, 0, 0]
15 4.24203634262085 Robot: (49, 29, [1, 0, 0, 0]) Solution: [49, 29] [1, 0, 0, 0]
58 16.974701404571533 Robot: (99, 51, [0, 0, 1, 0]) Solution: [99, 51] [0, 0, 1, 0]
19 6.388147830963135 Robot: (63, 16, [0, 0, 0, 1]) Solution: [63, 16] [0, 0, 0, 1]
65 14.309214353561401 Robot: (81, 33, [1, 0, 1, 0]) Solution: [81, 33] [1, 0, 1, 0]
51 12.146952629089355 Robot: (5, 9, [0, 1, 1, 0]) Solution: [5, 9] [0, 1, 1, 0]
24 4.339361667633057 Robot: (25, 16, [0, 1, 0, 0]) Solution: [25, 16] [0, 1, 0, 0]
19 4.921381235122681 Robot: (152, 36, [1, 0, 1, 0]) Solution: [152, 36] [1, 0, 1, 0]
36 7.095384836196899 Robot: (82, 51, [1, 0, 1, 0]) Solution: [82, 51] [1, 0, 1, 0]
19 4.295791149139404 Robot: (143, 53, [0, 0, 1, 0]) Solution: [143, 53] [0, 0, 1, 0]
19 3.7116892337799072 Robot: (110, 46, [0, 0, 0, 0]) Solution: [110, 46] [0, 0, 0, 0]
36 7.207046031951904 Robot: (23, 1, [1, 0, 0, 0]) Solution: [23, 1] [1, 0, 0, 0]
35 7.754658937454224 Robot: (91, 41, [0, 1, 0, 1]) Solution: [91, 41] [0, 1, 0, 1]
48 9.79240870475769 Robot: (23, 31, [1, 0, 0, 0]) Solution: [23, 31] [1, 0, 0, 0]
27 5.930201530456543 Robot: (20, 15, [1, 0, 1, 0]) Solution: [20, 15] [1, 0, 1, 0]
23 4.953410863876343 Robot: (56, 46, [0, 0, 1, 0]) Solution: [56, 46] [0, 0, 1, 0]
37 9.198082685470581 Robot: (131, 39, [0, 0, 1, 1]) Solution: [131, 39] [0, 0, 1, 1]
24 5.939206123352051 Robot: (147, 33, [0, 1, 0, 0]) Solution: [147, 33] [0, 1, 0, 0]
33 6.282665967941284 Robot: (95, 53, [0, 0, 1, 0]) Solution: [95, 53] [0, 0, 1, 0]
16 2.9834537506103516 Robot: (108, 1, [1, 0, 0, 0]) Solution: [108, 1] [1, 0, 0, 0]
18 3.3789799213409424 Robot: (113, 37, [1, 0, 0, 0]) Solution: [113, 37] [1, 0, 0, 0]
25 4.870574951171875 Robot: (151, 11, [0, 0, 0, 0]) Solution: [151, 11] [0, 0, 0, 0]
20 3.3192927837371826 Robot: (67, 42, [0, 1, 0, 0]) Solution: [67, 42] [0, 1, 0, 0]
25 4.149333477020264 Robot: (29, 41, [0, 0, 1, 1]) Solution: [29, 41] [0, 0, 1, 1]
25 4.088147163391113 Robot: (15, 53, [1, 0, 1, 0]) Solution: [15, 53] [1, 0, 1, 0]
36 6.204551458358765 Robot: (131, 26, [0, 1, 0, 0]) Solution: [131, 26] [0, 1, 0, 0]
15 2.4500489234924316 Robot: (22, 15, [1, 0, 0, 0]) Solution: [22, 15] [1, 0, 0, 0]
14 2.2724928855895996 Robot: (4, 5, [0, 0, 0, 0]) Solution: [4, 5] [0, 0, 0, 0]
25 4.449251413345337 Robot: (98, 9, [1, 0, 1, 0]) Solution: [98, 9] [1, 0, 1, 0]
20 3.9436707496643066 Robot: (5, 3, [1, 1, 0, 0]) Solution: [5, 3] [1, 1, 0, 0]
13 2.2239608764648438 Robot: (52, 49, [0, 0, 1, 0]) Solution: [52, 49] [0, 0, 1, 0]
21 3.4634838104248047 Robot: (145, 29, [0, 0, 1, 1]) Solution: [145, 29] [0, 0, 1, 1]
15 2.732964277267456 Robot: (148, 42, [0, 1, 0, 1]) Solution: [148, 42] [0, 1, 0, 1]
20 3.5789668560028076 Robot: (16, 1, [1, 0, 0, 0]) Solution: [16, 1] [1, 0, 0, 0]
19 3.1687498092651367 Robot: (125, 35, [1, 0, 0, 0]) Solution: [125, 35] [1, 0, 0, 0]
27 4.561782121658325 Robot: (9, 17, [1, 0, 0, 0]) Solution: [9, 17] [1, 0, 0, 0]
21 4.2312469482421875 Robot: (103, 35, [0, 0, 0, 0]) Solution: [103, 35] [0, 0, 0, 0]
55 9.52126407623291 Robot: (20, 37, [1, 0, 1, 0]) Solution: [20, 37] [1, 0, 1, 0]
27 4.420327186584473 Robot: (60, 11, [1, 0, 1, 0]) Solution: [60, 11] [1, 0, 1, 0]
20 3.366959810256958 Robot: (110, 17, [1, 0, 1, 0]) Solution: [110, 17] [1, 0, 1, 0]
37 7.555508613586426 Robot: (42, 53, [1, 0, 1, 0]) Solution: [42, 53] [1, 0, 1, 0]
55 11.506983995437622 Robot: (79, 46, [0, 1, 0, 1]) Solution: [79, 46] [0, 1, 0, 1]
13 2.408310890197754 Robot: (46, 20, [0, 0, 1, 0]) Solution: [46, 20] [0, 0, 1, 0]
25 4.488257169723511 Robot: (95, 38, [0, 1, 0, 1]) Solution: [95, 38] [0, 1, 0, 1]
20 4.017265558242798 Robot: (82, 27, [0, 0, 0, 0]) Solution: [82, 27] [0, 0, 0, 0]
16 3.0873470306396484 Robot: (115, 11, [0, 0, 0, 1]) Solution: [115, 11] [0, 0, 0, 1]
27 4.727468252182007 Robot: (86, 28, [1, 0, 0, 1]) Solution: [86, 28] [1, 0, 0, 1]
21 4.036901473999023 Robot: (150, 22, [0, 0, 0, 0]) Solution: [150, 22] [0, 0, 0, 0]
25 5.151649713516235 Robot: (94, 9, [1, 0, 1, 0]) Solution: [94, 9] [1, 0, 1, 0]
19 3.343104124069214 Robot: (104, 28, [0, 0, 1, 1]) Solution: [104, 28] [0, 0, 1, 1]
22 3.717005491256714 Robot: (123, 1, [1, 0, 0, 0]) Solution: [123, 1] [1, 0, 0, 0]
34 6.482837438583374 Robot: (84, 50, [0, 0, 1, 0]) Solution: [84, 50] [0, 0, 1, 0]
13 2.3120880126953125 Robot: (81, 41, [1, 0, 0, 0]) Solution: [81, 41] [1, 0, 0, 0]
24 4.783349275588989 Robot: (30, 1, [1, 0, 1, 0]) Solution: [30, 1] [1, 0, 1, 0]
16 3.287193775177002 Robot: (115, 29, [1, 0, 0, 1]) Solution: [115, 29] [1, 0, 0, 1]
15 2.498309373855591 Robot: (113, 14, [0, 1, 0, 1]) Solution: [113, 14] [0, 1, 0, 1]
14 2.7992968559265137 Robot: (74, 37, [1, 0, 1, 0]) Solution: [74, 37] [1, 0, 1, 0]
29 5.121521234512329 Robot: (125, 12, [0, 1, 0, 1]) Solution: [125, 12] [0, 1, 0, 1]
37 6.201300621032715 Robot: (88, 4, [0, 0, 0, 0]) Solution: [88, 4] [0, 0, 0, 0]
25 4.914270877838135 Robot: (13, 36, [0, 1, 0, 1]) Solution: [13, 36] [0, 1, 0, 1]
14 2.4313817024230957 Robot: (135, 23, [0, 0, 1, 1]) Solution: [135, 23] [0, 0, 1, 1]
21 3.7658584117889404 Robot: (1, 45, [0, 1, 0, 1]) Solution: [1, 45] [0, 1, 0, 1]
16 2.638416290283203 Robot: (41, 33, [1, 0, 0, 0]) Solution: [41, 33] [1, 0, 0, 0]
12 2.3897716999053955 Robot: (41, 13, [1, 0, 1, 0]) Solution: [41, 13] [1, 0, 1, 0]
22 3.794738292694092 Robot: (101, 39, [1, 0, 0, 0]) Solution: [101, 39] [1, 0, 0, 0]
20 3.3517730236053467 Robot: (85, 45, [0, 1, 0, 0]) Solution: [85, 45] [0, 1, 0, 0]
38 7.67030143737793 Robot: (33, 9, [0, 1, 1, 0]) Solution: [33, 9] [0, 1, 1, 0]
37 6.777295112609863 Robot: (90, 34, [0, 1, 0, 1]) Solution: [90, 34] [0, 1, 0, 1]
14 2.5121071338653564 Robot: (47, 51, [1, 0, 0, 1]) Solution: [47, 51] [1, 0, 0, 1]
36 6.0636115074157715 Robot: (43, 14, [0, 1, 0, 1]) Solution: [43, 14] [0, 1, 0, 1]
22 3.7561700344085693 Robot: (111, 3, [0, 0, 1, 0]) Solution: [111, 3] [0, 0, 1, 0]
20 4.305759906768799 Robot: (24, 24, [1, 0, 0, 1]) Solution: [24, 24] [1, 0, 0, 1]
16 3.552051305770874 Robot: (51, 47, [0, 0, 1, 0]) Solution: [51, 47] [0, 0, 1, 0]
26 5.23615288734436 Robot: (11, 19, [0, 0, 0, 1]) Solution: [11, 19] [0, 0, 0, 1]
18 2.8274474143981934 Robot: (55, 13, [0, 1, 0, 0]) Solution: [55, 13] [0, 1, 0, 0]
24 4.3572962284088135 Robot: (100, 34, [0, 0, 0, 1]) Solution: [100, 34] [0, 0, 0, 1]
28 4.8376219272613525 Robot: (50, 49, [1, 0, 1, 0]) Solution: [50, 49] [1, 0, 1, 0]
19 3.5714471340179443 Robot: (9, 32, [0, 0, 0, 0]) Solution: [9, 32] [0, 0, 0, 0]
27 4.628658294677734 Robot: (61, 7, [0, 0, 1, 1]) Solution: [61, 7] [0, 0, 1, 1]
18 3.0352067947387695 Robot: (83, 37, [0, 0, 1, 0]) Solution: [83, 37] [0, 0, 1, 0]
23 3.7719027996063232 Robot: (13, 41, [0, 0, 1, 0]) Solution: [13, 41] [0, 0, 1, 0]
20 3.2978456020355225 Robot: (29, 29, [0, 0, 1, 0]) Solution: [29, 29] [0, 0, 1, 0]
24 3.7102320194244385 Robot: (54, 42, [0, 0, 0, 0]) Solution: [54, 42] [0, 0, 0, 0]
27 4.229001522064209 Robot: (120, 27, [1, 0, 0, 0]) Solution: [120, 27] [1, 0, 0, 0]
28 4.3188817501068115 Robot: (107, 2, [0, 0, 0, 1]) Solution: [107, 2] [0, 0, 0, 1]
26 4.044661998748779 Robot: (86, 42, [1, 1, 0, 1]) Solution: [86, 42] [1, 1, 0, 1]
42 6.520175457000732 Robot: (19, 3, [0, 0, 1, 1]) Solution: [19, 3] [0, 0, 1, 1]
12 1.8350865840911865 Robot: (67, 12, [0, 1, 0, 1]) Solution: [67, 12] [0, 1, 0, 1]
21 3.479424238204956 Robot: (67, 13, [0, 0, 1, 0]) Solution: [67, 13] [0, 0, 1, 0]
23 4.927971363067627 Robot: (132, 35, [1, 0, 0, 0]) Solution: [132, 35] [1, 0, 0, 0]
26 4.733259916305542 Robot: (39, 17, [0, 1, 0, 0]) Solution: [39, 17] [0, 1, 0, 0]
17 2.9923553466796875 Robot: (27, 11, [1, 0, 1, 0]) Solution: [27, 11] [1, 0, 1, 0]
17 2.8117315769195557 Robot: (9, 36, [0, 0, 0, 1]) Solution: [9, 36] [0, 0, 0, 1]
18 3.402200937271118 Robot: (141, 39, [1, 1, 0, 0]) Solution: [141, 39] [1, 1, 0, 0]
20 3.6265203952789307 Robot: (123, 26, [0, 0, 0, 1]) Solution: [123, 26] [0, 0, 0, 1]
27 5.001316785812378 Robot: (151, 47, [0, 1, 1, 0]) Solution: [151, 47] [0, 1, 1, 0]
19 3.4394798278808594 Robot: (135, 16, [0, 0, 0, 1]) Solution: [135, 16] [0, 0, 0, 1]
26 4.888601064682007 Robot: (64, 9, [1, 0, 0, 0]) Solution: [64, 9] [1, 0, 0, 0]
18 3.151270866394043 Robot: (79, 15, [0, 0, 1, 1]) Solution: [79, 15] [0, 0, 1, 1]
18 3.263631582260132 Robot: (127, 13, [0, 0, 1, 0]) Solution: [127, 13] [0, 0, 1, 0]
27 4.675697088241577 Robot: (27, 5, [0, 1, 1, 1]) Solution: [27, 5] [0, 1, 1, 1]
28 4.749327659606934 Robot: (57, 1, [1, 0, 1, 0]) Solution: [57, 1] [1, 0, 1, 0]
15 2.6206815242767334 Robot: (122, 25, [0, 0, 1, 0]) Solution: [122, 25] [0, 0, 1, 0]
35 6.536970376968384 Robot: (141, 47, [0, 1, 0, 0]) Solution: [141, 47] [0, 1, 0, 0]
45 8.307817459106445 Robot: (49, 13, [0, 0, 1, 0]) Solution: [49, 13] [0, 0, 1, 0]
20 3.2871458530426025 Robot: (90, 45, [1, 0, 1, 0]) Solution: [90, 45] [1, 0, 1, 0]
34 5.675588130950928 Robot: (82, 39, [1, 0, 0, 0]) Solution: [82, 39] [1, 0, 0, 0]
19 3.2085652351379395 Robot: (57, 45, [1, 1, 0, 0]) Solution: [57, 45] [1, 1, 0, 0]
25 4.419305086135864 Robot: (84, 19, [0, 0, 1, 0]) Solution: [84, 19] [0, 0, 1, 0]
22 3.6839401721954346 Robot: (56, 27, [1, 0, 1, 0]) Solution: [56, 27] [1, 0, 1, 0]
31 5.4405903816223145 Robot: (104, 5, [1, 0, 1, 0]) Solution: [104, 5] [1, 0, 1, 0]
24 4.093767881393433 Robot: (4, 6, [0, 1, 0, 0]) Solution: [4, 6] [0, 1, 0, 0]
31 5.523190259933472 Robot: (65, 43, [1, 1, 0, 0]) Solution: [65, 43] [1, 1, 0, 0]
49 8.356433629989624 Robot: (41, 29, [0, 0, 0, 0]) Solution: [41, 29] [0, 0, 0, 0]
50 9.12124252319336 Robot: (21, 28, [0, 1, 0, 0]) Solution: [21, 28] [0, 1, 0, 0]
28 5.65610933303833 Robot: (72, 29, [0, 0, 1, 0]) Solution: [72, 29] [0, 0, 1, 0]
15 2.678079605102539 Robot: (67, 5, [1, 0, 0, 1]) Solution: [67, 5] [1, 0, 0, 1]
72 13.416332960128784 Robot: (147, 37, [1, 0, 0, 0]) Solution: [147, 37] [1, 0, 0, 0]
14 2.591416835784912 Robot: (27, 21, [1, 0, 1, 0]) Solution: [27, 21] [1, 0, 1, 0]
16 2.7045962810516357 Robot: (53, 40, [0, 1, 0, 0]) Solution: [53, 40] [0, 1, 0, 0]
24 3.7319743633270264 Robot: (146, 43, [0, 0, 1, 0]) Solution: [146, 43] [0, 0, 1, 0]
24 4.915378093719482 Robot: (55, 31, [1, 0, 1, 0]) Solution: [55, 31] [1, 0, 1, 0]
24 4.152264356613159 Robot: (117, 5, [0, 0, 1, 0]) Solution: [117, 5] [0, 0, 1, 0]
19 3.4041740894317627 Robot: (3, 29, [1, 0, 0, 0]) Solution: [3, 29] [1, 0, 0, 0]
22 3.8853471279144287 Robot: (3, 10, [0, 0, 0, 0]) Solution: [3, 10] [0, 0, 0, 0]
16 2.7945163249969482 Robot: (133, 20, [0, 0, 0, 0]) Solution: [133, 20] [0, 0, 0, 0]
26 4.242271900177002 Robot: (105, 35, [1, 0, 1, 0]) Solution: [105, 35] [1, 0, 1, 0]
22 6.180699825286865 Robot: (30, 51, [0, 0, 0, 0]) Solution: [30, 51] [0, 0, 0, 0]
40 9.966152429580688 Robot: (94, 11, [1, 0, 1, 0]) Solution: [94, 11] [1, 0, 1, 0]
22 3.8989639282226562 Robot: (24, 41, [0, 0, 1, 0]) Solution: [24, 41] [0, 0, 1, 0]
38 7.4660491943359375 Robot: (21, 29, [0, 0, 1, 0]) Solution: [21, 29] [0, 0, 1, 0]
17 2.816419839859009 Robot: (82, 32, [0, 0, 0, 1]) Solution: [82, 32] [0, 0, 0, 1]
30 5.297499179840088 Robot: (70, 3, [0, 0, 1, 0]) Solution: [70, 3] [0, 0, 1, 0]
18 3.484750747680664 Robot: (75, 28, [0, 1, 0, 1]) Solution: [75, 28] [0, 1, 0, 1]
20 3.47045636177063 Robot: (27, 29, [1, 0, 1, 0]) Solution: [27, 29] [1, 0, 1, 0]
23 5.079590559005737 Robot: (15, 1, [1, 0, 0, 0]) Solution: [15, 1] [1, 0, 0, 0]
18 3.2682316303253174 Robot: (9, 41, [0, 0, 0, 0]) Solution: [9, 41] [0, 0, 0, 0]
25 4.872805833816528 Robot: (135, 51, [1, 0, 0, 0]) Solution: [135, 51] [1, 0, 0, 0]
22 3.5766735076904297 Robot: (135, 12, [0, 1, 0, 0]) Solution: [135, 12] [0, 1, 0, 0]
33 5.8452699184417725 Robot: (153, 11, [0, 1, 0, 0]) Solution: [153, 11] [0, 1, 0, 0]
24 4.4659669399261475 Robot: (13, 30, [0, 1, 0, 1]) Solution: [13, 30] [0, 1, 0, 1]
11 1.7889378070831299 Robot: (25, 7, [0, 0, 1, 1]) Solution: [25, 7] [0, 0, 1, 1]
18 3.339099645614624 Robot: (25, 11, [0, 0, 1, 1]) Solution: [25, 11] [0, 0, 1, 1]
21 3.843494176864624 Robot: (15, 21, [0, 0, 0, 1]) Solution: [15, 21] [0, 0, 0, 1]
28 5.763967752456665 Robot: (121, 37, [0, 1, 1, 0]) Solution: [121, 37] [0, 1, 1, 0]
27 4.239014625549316 Robot: (39, 13, [1, 0, 0, 0]) Solution: [39, 13] [1, 0, 0, 0]
25 3.9047489166259766 Robot: (9, 19, [0, 1, 0, 1]) Solution: [9, 19] [0, 1, 0, 1]
12 1.8409957885742188 Robot: (45, 9, [0, 1, 0, 0]) Solution: [45, 9] [0, 1, 0, 0]
27 4.1795737743377686 Robot: (122, 41, [1, 0, 1, 0]) Solution: [122, 41] [1, 0, 1, 0]
15 2.2940075397491455 Robot: (48, 24, [1, 0, 0, 0]) Solution: [48, 24] [1, 0, 0, 0]
37 5.675144672393799 Robot: (122, 9, [0, 0, 1, 0]) Solution: [122, 9] [0, 0, 1, 0]
14 2.1550679206848145 Robot: (33, 13, [0, 1, 0, 1]) Solution: [33, 13] [0, 1, 0, 1]
18 2.7680280208587646 Robot: (112, 36, [0, 1, 0, 0]) Solution: [112, 36] [0, 1, 0, 0]
14 2.168703079223633 Robot: (55, 16, [0, 0, 0, 1]) Solution: [55, 16] [0, 0, 0, 1]
28 4.304949045181274 Robot: (15, 39, [1, 0, 0, 0]) Solution: [15, 39] [1, 0, 0, 0]
36 5.569004535675049 Robot: (109, 37, [0, 0, 0, 1]) Solution: [109, 37] [0, 0, 0, 1]
80 12.513667106628418 Robot: (134, 4, [1, 0, 1, 0]) Solution: [134, 4] [1, 0, 1, 0]
17 2.64837646484375 Robot: (142, 32, [0, 1, 0, 0]) Solution: [142, 32] [0, 1, 0, 0]
25 3.8772952556610107 Robot: (48, 3, [1, 0, 0, 0]) Solution: [48, 3] [1, 0, 0, 0]
21 3.2176449298858643 Robot: (77, 44, [0, 1, 0, 1]) Solution: [77, 44] [0, 1, 0, 1]
25 3.848630428314209 Robot: (135, 41, [0, 0, 1, 1]) Solution: [135, 41] [0, 0, 1, 1]
31 4.791079998016357 Robot: (57, 31, [0, 0, 0, 0]) Solution: [57, 31] [0, 0, 0, 0]
16 2.4724771976470947 Robot: (81, 10, [0, 0, 0, 1]) Solution: [81, 10] [0, 0, 0, 1]
21 3.228933572769165 Robot: (83, 37, [0, 0, 1, 0]) Solution: [83, 37] [0, 0, 1, 0]
30 4.625343561172485 Robot: (73, 42, [0, 0, 0, 1]) Solution: [73, 42] [0, 0, 0, 1]
21 3.241452693939209 Robot: (103, 35, [0, 0, 0, 0]) Solution: [103, 35] [0, 0, 0, 0]
35 5.4160919189453125 Robot: (75, 25, [0, 1, 0, 0]) Solution: [75, 25] [0, 1, 0, 0]
22 3.394932270050049 Robot: (95, 41, [0, 1, 1, 0]) Solution: [95, 41] [0, 1, 1, 0]
14 2.1376020908355713 Robot: (19, 40, [0, 0, 0, 0]) Solution: [19, 40] [0, 0, 0, 0]
30 4.6284565925598145 Robot: (122, 43, [1, 0, 0, 0]) Solution: [122, 43] [1, 0, 0, 0]
50 7.7034783363342285 Robot: (53, 53, [0, 0, 1, 1]) Solution: [53, 53] [0, 0, 1, 1]
14 2.1508266925811768 Robot: (151, 46, [0, 1, 0, 0]) Solution: [151, 46] [0, 1, 0, 0]
34 5.249529838562012 Robot: (147, 30, [0, 1, 0, 1]) Solution: [147, 30] [0, 1, 0, 1]
18 2.7749135494232178 Robot: (84, 14, [1, 0, 1, 0]) Solution: [84, 14] [1, 0, 1, 0]
31 4.805162668228149 Robot: (93, 9, [1, 0, 1, 0]) Solution: [93, 9] [1, 0, 1, 0]
22 3.647498369216919 Robot: (120, 12, [0, 0, 0, 1]) Solution: [120, 12] [0, 0, 0, 1]
51 8.626511096954346 Robot: (85, 27, [0, 1, 1, 0]) Solution: [85, 27] [0, 1, 1, 0]
26 4.358736515045166 Robot: (96, 30, [0, 1, 1, 0]) Solution: [96, 30] [0, 1, 1, 0]
22 3.473482370376587 Robot: (113, 33, [1, 1, 0, 0]) Solution: [113, 33] [1, 1, 0, 0]
47 7.659589529037476 Robot: (60, 14, [0, 0, 0, 0]) Solution: [60, 14] [0, 0, 0, 0]
13 2.2297863960266113 Robot: (125, 32, [0, 1, 0, 1]) Solution: [125, 32] [0, 1, 0, 1]
31 5.231000185012817 Robot: (129, 32, [0, 0, 0, 1]) Solution: [129, 32] [0, 0, 0, 1]
31 4.8942131996154785 Robot: (12, 9, [1, 0, 0, 0]) Solution: [12, 9] [1, 0, 0, 0]
25 4.302208185195923 Robot: (79, 27, [1, 0, 0, 1]) Solution: [79, 27] [1, 0, 0, 1]
13 2.1617770195007324 Robot: (45, 19, [0, 0, 0, 0]) Solution: [45, 19] [0, 0, 0, 0]
64 10.902877807617188 Robot: (57, 39, [0, 0, 0, 0]) Solution: [57, 39] [0, 0, 0, 0]
11 1.7813012599945068 Robot: (126, 24, [0, 0, 0, 1]) Solution: [126, 24] [0, 0, 0, 1]
17 2.7014095783233643 Robot: (75, 43, [0, 1, 1, 0]) Solution: [75, 43] [0, 1, 1, 0]
43 6.72215461730957 Robot: (85, 35, [0, 1, 1, 0]) Solution: [85, 35] [0, 1, 1, 0]
36 6.246319055557251 Robot: (73, 17, [1, 0, 0, 0]) Solution: [73, 17] [1, 0, 0, 0]
52 9.701991081237793 Robot: (133, 11, [1, 0, 1, 0]) Solution: [133, 11] [1, 0, 1, 0]
21 3.6387979984283447 Robot: (129, 9, [0, 0, 1, 0]) Solution: [129, 9] [0, 0, 1, 0]
FINISH
Iterations:  1000
Map size (width height):  155 55
Mean of steps:  25.457
Mean of time per iteration:  5.777144981384278
Median of steps:  23.0
Median of time per iteration:  4.814473390579224
Total elapsed time:  5977.666857242584
