23 7.929385185241699 Robot: (1, 19, [0, 0, 0, 1]) Solution: [1, 19] [0, 0, 0, 1]
20 6.952016830444336 Robot: (86, 42, [1, 1, 0, 1]) Solution: [86, 42] [1, 1, 0, 1]
17 5.8871235847473145 Robot: (114, 40, [1, 0, 0, 1]) Solution: [114, 40] [1, 0, 0, 1]
25 8.57395625114441 Robot: (57, 32, [0, 1, 0, 1]) Solution: [57, 32] [0, 1, 0, 1]
23 7.752322673797607 Robot: (57, 7, [0, 0, 0, 0]) Solution: [57, 7] [0, 0, 0, 0]
20 6.623430013656616 Robot: (32, 25, [1, 0, 1, 0]) Solution: [32, 25] [1, 0, 1, 0]
13 3.7526450157165527 Robot: (62, 18, [1, 0, 0, 0]) Solution: [62, 18] [1, 0, 0, 0]
13 2.462613821029663 Robot: (90, 20, [0, 0, 1, 1]) Solution: [90, 20] [0, 0, 1, 1]
12 2.3823866844177246 Robot: (85, 29, [1, 0, 1, 0]) Solution: [85, 29] [1, 0, 1, 0]
33 6.056769371032715 Robot: (151, 1, [1, 0, 1, 0]) Solution: [151, 1] [1, 0, 1, 0]
14 2.486405849456787 Robot: (115, 12, [0, 1, 0, 0]) Solution: [115, 12] [0, 1, 0, 0]
24 4.481303691864014 Robot: (64, 6, [0, 0, 0, 1]) Solution: [64, 6] [0, 0, 0, 1]
18 3.199957847595215 Robot: (104, 21, [1, 0, 0, 0]) Solution: [104, 21] [1, 0, 0, 0]
29 5.119068622589111 Robot: (50, 40, [0, 1, 0, 0]) Solution: [50, 40] [0, 1, 0, 0]
30 5.570036172866821 Robot: (117, 41, [0, 0, 0, 1]) Solution: [117, 41] [0, 0, 0, 1]
32 5.9748547077178955 Robot: (113, 21, [0, 0, 1, 1]) Solution: [113, 21] [0, 0, 1, 1]
13 2.3720717430114746 Robot: (29, 24, [0, 0, 0, 0]) Solution: [29, 24] [0, 0, 0, 0]
11 1.8855562210083008 Robot: (31, 11, [1, 0, 0, 1]) Solution: [31, 11] [1, 0, 0, 1]
24 4.2728211879730225 Robot: (67, 6, [0, 1, 0, 1]) Solution: [67, 6] [0, 1, 0, 1]
14 3.36739444732666 Robot: (36, 19, [0, 0, 1, 0]) Solution: [36, 19] [0, 0, 1, 0]
21 7.321208477020264 Robot: (80, 4, [0, 1, 1, 1]) Solution: [80, 4] [0, 1, 1, 1]
23 8.003400325775146 Robot: (139, 7, [1, 0, 0, 1]) Solution: [139, 7] [1, 0, 0, 1]
23 7.992088556289673 Robot: (102, 47, [0, 0, 0, 0]) Solution: [102, 47] [0, 0, 0, 0]
62 21.71111750602722 Robot: (129, 21, [1, 1, 0, 0]) Solution: [129, 21] [1, 1, 0, 0]
14 4.8930487632751465 Robot: (119, 18, [0, 1, 0, 0]) Solution: [119, 18] [0, 1, 0, 0]
28 9.837342023849487 Robot: (117, 53, [0, 0, 1, 1]) Solution: [117, 53] [0, 0, 1, 1]
19 6.631398677825928 Robot: (52, 25, [1, 0, 0, 0]) Solution: [52, 25] [1, 0, 0, 0]
64 22.496126651763916 Robot: (43, 1, [1, 0, 1, 0]) Solution: [43, 1] [1, 0, 1, 0]
18 6.320581674575806 Robot: (113, 15, [0, 0, 0, 0]) Solution: [113, 15] [0, 0, 0, 0]
57 19.535472869873047 Robot: (131, 51, [0, 1, 0, 0]) Solution: [131, 51] [0, 1, 0, 0]
14 4.697612285614014 Robot: (36, 42, [0, 1, 0, 0]) Solution: [36, 42] [0, 1, 0, 0]
23 7.6201770305633545 Robot: (90, 29, [0, 0, 1, 0]) Solution: [90, 29] [0, 0, 1, 0]
28 9.27961778640747 Robot: (21, 28, [0, 1, 0, 0]) Solution: [21, 28] [0, 1, 0, 0]
28 9.547069549560547 Robot: (61, 39, [1, 0, 0, 0]) Solution: [61, 39] [1, 0, 0, 0]
34 11.928800344467163 Robot: (135, 3, [0, 1, 0, 1]) Solution: [135, 3] [0, 1, 0, 1]
19 6.599453926086426 Robot: (5, 48, [0, 1, 0, 1]) Solution: [5, 48] [0, 1, 0, 1]
21 7.350799322128296 Robot: (108, 49, [1, 0, 1, 0]) Solution: [108, 49] [1, 0, 1, 0]
19 4.160903215408325 Robot: (89, 4, [0, 1, 0, 0]) Solution: [89, 4] [0, 1, 0, 0]
25 4.349794864654541 Robot: (36, 9, [1, 0, 0, 0]) Solution: [36, 9] [1, 0, 0, 0]
18 3.142713785171509 Robot: (109, 8, [0, 0, 0, 0]) Solution: [109, 8] [0, 0, 0, 0]
19 3.353477716445923 Robot: (54, 2, [0, 1, 0, 0]) Solution: [54, 2] [0, 1, 0, 0]
19 3.3204917907714844 Robot: (128, 35, [1, 0, 0, 0]) Solution: [128, 35] [1, 0, 0, 0]
30 6.241324186325073 Robot: (48, 45, [0, 0, 0, 0]) Solution: [48, 45] [0, 0, 0, 0]
33 9.93072772026062 Robot: (126, 2, [0, 0, 1, 0]) Solution: [126, 2] [0, 0, 1, 0]
22 4.397919416427612 Robot: (107, 43, [0, 1, 0, 1]) Solution: [107, 43] [0, 1, 0, 1]
14 2.9143192768096924 Robot: (44, 35, [0, 0, 0, 0]) Solution: [44, 35] [0, 0, 0, 0]
44 12.34093451499939 Robot: (79, 17, [1, 0, 0, 1]) Solution: [79, 17] [1, 0, 0, 1]
21 5.17653489112854 Robot: (21, 26, [0, 0, 0, 1]) Solution: [21, 26] [0, 0, 0, 1]
29 5.023176670074463 Robot: (3, 15, [1, 0, 1, 0]) Solution: [3, 15] [1, 0, 1, 0]
29 5.108101844787598 Robot: (1, 32, [0, 1, 0, 1]) Solution: [1, 32] [0, 1, 0, 1]
24 4.226513147354126 Robot: (138, 1, [1, 0, 1, 0]) Solution: [138, 1] [1, 0, 1, 0]
28 7.757496118545532 Robot: (3, 5, [0, 0, 0, 0]) Solution: [3, 5] [0, 0, 0, 0]
23 7.6641621589660645 Robot: (20, 27, [1, 0, 0, 0]) Solution: [20, 27] [1, 0, 0, 0]
28 9.251275300979614 Robot: (123, 4, [0, 1, 0, 1]) Solution: [123, 4] [0, 1, 0, 1]
21 6.972321510314941 Robot: (52, 33, [0, 0, 1, 0]) Solution: [52, 33] [0, 0, 1, 0]
23 7.641786098480225 Robot: (109, 40, [0, 1, 0, 1]) Solution: [109, 40] [0, 1, 0, 1]
29 5.460535049438477 Robot: (73, 51, [0, 0, 0, 1]) Solution: [73, 51] [0, 0, 0, 1]
46 8.953830003738403 Robot: (37, 53, [1, 0, 1, 0]) Solution: [37, 53] [1, 0, 1, 0]
49 9.558948516845703 Robot: (24, 53, [0, 0, 1, 0]) Solution: [24, 53] [0, 0, 1, 0]
20 3.7483973503112793 Robot: (151, 12, [0, 1, 0, 1]) Solution: [151, 12] [0, 1, 0, 1]
20 3.715747117996216 Robot: (33, 30, [0, 1, 0, 1]) Solution: [33, 30] [0, 1, 0, 1]
21 4.419742107391357 Robot: (36, 48, [0, 0, 0, 1]) Solution: [36, 48] [0, 0, 0, 1]
14 2.505247116088867 Robot: (86, 26, [1, 1, 1, 0]) Solution: [86, 26] [1, 1, 1, 0]
23 4.950348615646362 Robot: (130, 6, [0, 1, 0, 1]) Solution: [130, 6] [0, 1, 0, 1]
26 6.184664487838745 Robot: (113, 18, [0, 1, 0, 1]) Solution: [113, 18] [0, 1, 0, 1]
18 5.915614128112793 Robot: (47, 52, [0, 0, 0, 1]) Solution: [47, 52] [0, 0, 0, 1]
48 16.01335859298706 Robot: (121, 33, [1, 0, 0, 1]) Solution: [121, 33] [1, 0, 0, 1]
21 7.019626617431641 Robot: (23, 49, [1, 1, 1, 0]) Solution: [23, 49] [1, 1, 1, 0]
30 9.965142726898193 Robot: (96, 53, [1, 0, 1, 0]) Solution: [96, 53] [1, 0, 1, 0]
21 6.977491617202759 Robot: (117, 19, [0, 1, 0, 0]) Solution: [117, 19] [0, 1, 0, 0]
39 12.426963806152344 Robot: (45, 15, [0, 0, 1, 0]) Solution: [45, 15] [0, 0, 1, 0]
18 5.143225193023682 Robot: (147, 39, [0, 0, 0, 1]) Solution: [147, 39] [0, 0, 0, 1]
23 8.053969144821167 Robot: (39, 31, [1, 0, 0, 0]) Solution: [39, 31] [1, 0, 0, 0]
22 7.636844873428345 Robot: (24, 20, [0, 1, 0, 1]) Solution: [24, 20] [0, 1, 0, 1]
14 4.665758848190308 Robot: (138, 10, [0, 0, 0, 0]) Solution: [138, 10] [0, 0, 0, 0]
15 4.955140590667725 Robot: (37, 22, [0, 1, 0, 0]) Solution: [37, 22] [0, 1, 0, 0]
15 4.992145776748657 Robot: (126, 40, [0, 1, 0, 1]) Solution: [126, 40] [0, 1, 0, 1]
17 5.625311374664307 Robot: (10, 45, [1, 0, 0, 0]) Solution: [10, 45] [1, 0, 0, 0]
33 11.014441967010498 Robot: (124, 19, [0, 0, 0, 0]) Solution: [124, 19] [0, 0, 0, 0]
29 9.562880039215088 Robot: (52, 41, [0, 0, 1, 0]) Solution: [52, 41] [0, 0, 1, 0]
26 8.602762699127197 Robot: (133, 42, [0, 0, 0, 1]) Solution: [133, 42] [0, 0, 0, 1]
42 14.000791311264038 Robot: (51, 37, [0, 0, 1, 0]) Solution: [51, 37] [0, 0, 1, 0]
15 4.960145950317383 Robot: (66, 42, [1, 0, 1, 1]) Solution: [66, 42] [1, 0, 1, 1]
15 5.03244686126709 Robot: (132, 13, [0, 0, 0, 0]) Solution: [132, 13] [0, 0, 0, 0]
18 5.969597578048706 Robot: (21, 37, [0, 0, 1, 0]) Solution: [21, 37] [0, 0, 1, 0]
29 9.572628259658813 Robot: (60, 1, [1, 0, 0, 0]) Solution: [60, 1] [1, 0, 0, 0]
25 6.24019980430603 Robot: (100, 23, [1, 0, 1, 0]) Solution: [100, 23] [1, 0, 1, 0]
22 3.8958356380462646 Robot: (10, 33, [0, 0, 0, 0]) Solution: [10, 33] [0, 0, 0, 0]
26 4.615052223205566 Robot: (41, 23, [1, 0, 0, 0]) Solution: [41, 23] [1, 0, 0, 0]
20 3.4750044345855713 Robot: (93, 43, [0, 1, 0, 1]) Solution: [93, 43] [0, 1, 0, 1]
23 3.988955497741699 Robot: (98, 48, [0, 1, 0, 0]) Solution: [98, 48] [0, 1, 0, 0]
18 3.1629936695098877 Robot: (65, 19, [1, 0, 0, 1]) Solution: [65, 19] [1, 0, 0, 1]
33 5.7996532917022705 Robot: (1, 53, [1, 0, 1, 1]) Solution: [1, 53] [1, 0, 1, 1]
14 2.5006985664367676 Robot: (142, 32, [0, 1, 0, 0]) Solution: [142, 32] [0, 1, 0, 0]
51 9.787423372268677 Robot: (36, 9, [1, 0, 0, 0]) Solution: [36, 9] [1, 0, 0, 0]
20 3.502332925796509 Robot: (122, 51, [1, 0, 1, 0]) Solution: [122, 51] [1, 0, 1, 0]
27 4.713034152984619 Robot: (115, 17, [0, 0, 1, 1]) Solution: [115, 17] [0, 0, 1, 1]
17 2.9750001430511475 Robot: (133, 46, [0, 1, 0, 1]) Solution: [133, 46] [0, 1, 0, 1]
16 2.7714104652404785 Robot: (128, 21, [1, 0, 0, 0]) Solution: [128, 21] [1, 0, 0, 0]
23 3.963850975036621 Robot: (79, 50, [0, 1, 0, 1]) Solution: [79, 50] [0, 1, 0, 1]
40 6.921306133270264 Robot: (145, 41, [1, 0, 0, 1]) Solution: [145, 41] [1, 0, 0, 1]
20 3.454768180847168 Robot: (52, 12, [1, 0, 1, 0]) Solution: [52, 12] [1, 0, 1, 0]
19 3.256267786026001 Robot: (56, 30, [0, 0, 0, 1]) Solution: [56, 30] [0, 0, 0, 1]
33 5.683641672134399 Robot: (75, 4, [0, 1, 0, 0]) Solution: [75, 4] [0, 1, 0, 0]
20 3.488419771194458 Robot: (112, 3, [1, 0, 0, 0]) Solution: [112, 3] [1, 0, 0, 0]
17 2.947880268096924 Robot: (145, 25, [1, 1, 1, 0]) Solution: [145, 25] [1, 1, 1, 0]
14 2.446695566177368 Robot: (99, 8, [0, 1, 0, 1]) Solution: [99, 8] [0, 1, 0, 1]
29 5.543409585952759 Robot: (28, 45, [0, 0, 0, 0]) Solution: [28, 45] [0, 0, 0, 0]
27 5.097931385040283 Robot: (77, 23, [1, 1, 0, 0]) Solution: [77, 23] [1, 1, 0, 0]
33 5.721344947814941 Robot: (136, 51, [1, 0, 1, 0]) Solution: [136, 51] [1, 0, 1, 0]
29 4.963696241378784 Robot: (79, 47, [0, 0, 1, 0]) Solution: [79, 47] [0, 0, 1, 0]
16 2.7836685180664062 Robot: (72, 17, [0, 0, 0, 0]) Solution: [72, 17] [0, 0, 0, 0]
29 4.976034641265869 Robot: (61, 40, [0, 1, 0, 0]) Solution: [61, 40] [0, 1, 0, 0]
33 5.72475266456604 Robot: (125, 41, [1, 0, 0, 0]) Solution: [125, 41] [1, 0, 0, 0]
25 4.3324220180511475 Robot: (123, 23, [0, 0, 0, 1]) Solution: [123, 23] [0, 0, 0, 1]
27 5.080599308013916 Robot: (57, 35, [0, 1, 1, 0]) Solution: [57, 35] [0, 1, 1, 0]
21 3.7554309368133545 Robot: (5, 29, [0, 0, 0, 0]) Solution: [5, 29] [0, 0, 0, 0]
16 3.0088675022125244 Robot: (126, 43, [0, 0, 1, 0]) Solution: [126, 43] [0, 0, 1, 0]
25 4.738771677017212 Robot: (6, 44, [0, 0, 0, 1]) Solution: [6, 44] [0, 0, 0, 1]
17 3.169820547103882 Robot: (127, 8, [0, 1, 0, 0]) Solution: [127, 8] [0, 1, 0, 0]
17 3.1695139408111572 Robot: (35, 13, [0, 0, 1, 1]) Solution: [35, 13] [0, 0, 1, 1]
14 2.550807237625122 Robot: (111, 47, [0, 1, 1, 0]) Solution: [111, 47] [0, 1, 1, 0]
24 5.117952585220337 Robot: (79, 37, [1, 1, 0, 0]) Solution: [79, 37] [1, 1, 0, 0]
32 7.70529842376709 Robot: (42, 3, [1, 0, 1, 0]) Solution: [42, 3] [1, 0, 1, 0]
23 4.692269563674927 Robot: (17, 13, [1, 0, 0, 1]) Solution: [17, 13] [1, 0, 0, 1]
21 3.8605854511260986 Robot: (134, 33, [1, 0, 0, 0]) Solution: [134, 33] [1, 0, 0, 0]
25 4.8457865715026855 Robot: (41, 37, [0, 1, 0, 0]) Solution: [41, 37] [0, 1, 0, 0]
57 12.126149892807007 Robot: (99, 31, [1, 1, 0, 0]) Solution: [99, 31] [1, 1, 0, 0]
13 2.3971054553985596 Robot: (151, 33, [0, 0, 0, 0]) Solution: [151, 33] [0, 0, 0, 0]
34 7.726823806762695 Robot: (131, 39, [0, 0, 1, 1]) Solution: [131, 39] [0, 0, 1, 1]
19 3.69722318649292 Robot: (85, 40, [0, 1, 0, 0]) Solution: [85, 40] [0, 1, 0, 0]
21 4.564520597457886 Robot: (112, 28, [0, 0, 1, 0]) Solution: [112, 28] [0, 0, 1, 0]
18 3.3946268558502197 Robot: (151, 36, [0, 0, 0, 0]) Solution: [151, 36] [0, 0, 0, 0]
49 11.93080997467041 Robot: (53, 3, [0, 0, 1, 1]) Solution: [53, 3] [0, 0, 1, 1]
17 3.5463640689849854 Robot: (142, 40, [1, 0, 0, 0]) Solution: [142, 40] [1, 0, 0, 0]
22 4.120507001876831 Robot: (85, 6, [0, 1, 0, 0]) Solution: [85, 6] [0, 1, 0, 0]
22 4.430988311767578 Robot: (124, 20, [0, 1, 0, 1]) Solution: [124, 20] [0, 1, 0, 1]
19 3.9695074558258057 Robot: (132, 11, [0, 0, 0, 0]) Solution: [132, 11] [0, 0, 0, 0]
24 4.44592809677124 Robot: (52, 4, [1, 1, 0, 0]) Solution: [52, 4] [1, 1, 0, 0]
52 9.034468173980713 Robot: (115, 24, [0, 1, 0, 1]) Solution: [115, 24] [0, 1, 0, 1]
31 5.354063987731934 Robot: (49, 23, [0, 1, 0, 1]) Solution: [49, 23] [0, 1, 0, 1]
37 6.57533860206604 Robot: (79, 18, [0, 0, 0, 1]) Solution: [79, 18] [0, 0, 0, 1]
11 2.0793299674987793 Robot: (47, 10, [0, 1, 0, 1]) Solution: [47, 10] [0, 1, 0, 1]
31 5.442963123321533 Robot: (45, 52, [0, 1, 0, 1]) Solution: [45, 52] [0, 1, 0, 1]
18 3.103322744369507 Robot: (65, 51, [1, 0, 0, 1]) Solution: [65, 51] [1, 0, 0, 1]
20 5.262655973434448 Robot: (148, 16, [0, 0, 1, 1]) Solution: [148, 16] [0, 0, 1, 1]
20 6.64994740486145 Robot: (9, 21, [0, 0, 1, 0]) Solution: [9, 21] [0, 0, 1, 0]
31 10.222880125045776 Robot: (99, 26, [0, 1, 0, 1]) Solution: [99, 26] [0, 1, 0, 1]
17 5.586368083953857 Robot: (83, 31, [0, 0, 0, 0]) Solution: [83, 31] [0, 0, 0, 0]
17 5.583909034729004 Robot: (67, 23, [1, 1, 0, 0]) Solution: [67, 23] [1, 1, 0, 0]
27 8.958499908447266 Robot: (80, 1, [1, 0, 1, 0]) Solution: [80, 1] [1, 0, 1, 0]
21 6.948170900344849 Robot: (40, 51, [1, 0, 0, 0]) Solution: [40, 51] [1, 0, 0, 0]
17 5.649651050567627 Robot: (23, 26, [0, 1, 0, 0]) Solution: [23, 26] [0, 1, 0, 0]
16 5.509061336517334 Robot: (69, 35, [0, 0, 1, 1]) Solution: [69, 35] [0, 0, 1, 1]
29 9.571315050125122 Robot: (97, 6, [0, 1, 0, 0]) Solution: [97, 6] [0, 1, 0, 0]
35 11.519546508789062 Robot: (57, 39, [0, 0, 0, 0]) Solution: [57, 39] [0, 0, 0, 0]
24 7.84737229347229 Robot: (47, 25, [0, 0, 0, 1]) Solution: [47, 25] [0, 0, 0, 1]
18 5.912094593048096 Robot: (57, 16, [0, 1, 0, 0]) Solution: [57, 16] [0, 1, 0, 0]
17 5.922647476196289 Robot: (147, 51, [1, 0, 1, 0]) Solution: [147, 51] [1, 0, 1, 0]
13 4.447046995162964 Robot: (134, 7, [1, 0, 1, 0]) Solution: [134, 7] [1, 0, 1, 0]
19 6.408086776733398 Robot: (1, 7, [0, 1, 0, 1]) Solution: [1, 7] [0, 1, 0, 1]
32 10.799067258834839 Robot: (114, 46, [0, 1, 0, 0]) Solution: [114, 46] [0, 1, 0, 0]
37 7.38310980796814 Robot: (11, 31, [0, 1, 1, 0]) Solution: [11, 31] [0, 1, 1, 0]
29 5.575437068939209 Robot: (90, 25, [1, 0, 1, 0]) Solution: [90, 25] [1, 0, 1, 0]
38 8.28900694847107 Robot: (1, 33, [0, 1, 0, 1]) Solution: [1, 33] [0, 1, 0, 1]
27 5.09791374206543 Robot: (70, 1, [1, 0, 0, 0]) Solution: [70, 1] [1, 0, 0, 0]
19 3.5421016216278076 Robot: (81, 45, [1, 0, 1, 0]) Solution: [81, 45] [1, 0, 1, 0]
32 9.515881776809692 Robot: (98, 20, [0, 0, 0, 0]) Solution: [98, 20] [0, 0, 0, 0]
49 16.499245166778564 Robot: (51, 4, [0, 0, 0, 1]) Solution: [51, 4] [0, 0, 0, 1]
21 7.069911479949951 Robot: (34, 31, [1, 0, 0, 0]) Solution: [34, 31] [1, 0, 0, 0]
34 11.33837628364563 Robot: (30, 27, [1, 0, 1, 0]) Solution: [30, 27] [1, 0, 1, 0]
24 7.894987344741821 Robot: (89, 7, [0, 1, 0, 1]) Solution: [89, 7] [0, 1, 0, 1]
11 3.641719341278076 Robot: (81, 11, [0, 1, 0, 0]) Solution: [81, 11] [0, 1, 0, 0]
23 7.631630897521973 Robot: (140, 22, [1, 1, 0, 0]) Solution: [140, 22] [1, 1, 0, 0]
14 4.557764768600464 Robot: (122, 44, [0, 0, 0, 0]) Solution: [122, 44] [0, 0, 0, 0]
13 2.6803390979766846 Robot: (132, 13, [0, 0, 0, 0]) Solution: [132, 13] [0, 0, 0, 0]
22 4.280624151229858 Robot: (112, 1, [1, 0, 1, 0]) Solution: [112, 1] [1, 0, 1, 0]
21 4.738393068313599 Robot: (152, 49, [1, 0, 1, 0]) Solution: [152, 49] [1, 0, 1, 0]
28 5.857496976852417 Robot: (129, 49, [0, 0, 1, 0]) Solution: [129, 49] [0, 0, 1, 0]
23 4.602299690246582 Robot: (94, 23, [1, 0, 0, 0]) Solution: [94, 23] [1, 0, 0, 0]
12 2.339495897293091 Robot: (88, 8, [1, 0, 0, 0]) Solution: [88, 8] [1, 0, 0, 0]
29 5.620204210281372 Robot: (35, 9, [0, 0, 0, 1]) Solution: [35, 9] [0, 0, 0, 1]
32 8.54462718963623 Robot: (121, 28, [0, 1, 0, 0]) Solution: [121, 28] [0, 1, 0, 0]
17 5.603878974914551 Robot: (54, 27, [1, 0, 1, 0]) Solution: [54, 27] [1, 0, 1, 0]
66 21.94515347480774 Robot: (54, 31, [1, 0, 1, 0]) Solution: [54, 31] [1, 0, 1, 0]
24 8.108045101165771 Robot: (7, 43, [0, 0, 0, 0]) Solution: [7, 43] [0, 0, 0, 0]
14 4.915496587753296 Robot: (97, 32, [0, 1, 0, 1]) Solution: [97, 32] [0, 1, 0, 1]
16 5.732969522476196 Robot: (32, 9, [1, 0, 0, 0]) Solution: [32, 9] [1, 0, 0, 0]
24 6.30563497543335 Robot: (3, 8, [0, 1, 0, 1]) Solution: [3, 8] [0, 1, 0, 1]
16 3.6422533988952637 Robot: (57, 39, [0, 0, 0, 0]) Solution: [57, 39] [0, 0, 0, 0]
30 10.063243389129639 Robot: (82, 27, [0, 0, 0, 0]) Solution: [82, 27] [0, 0, 0, 0]
19 6.37329626083374 Robot: (57, 24, [0, 1, 0, 1]) Solution: [57, 24] [0, 1, 0, 1]
23 7.723222494125366 Robot: (145, 36, [0, 1, 0, 0]) Solution: [145, 36] [0, 1, 0, 0]
10 3.6549172401428223 Robot: (140, 27, [0, 0, 0, 0]) Solution: [140, 27] [0, 0, 0, 0]
38 12.775170087814331 Robot: (66, 21, [0, 0, 1, 0]) Solution: [66, 21] [0, 0, 1, 0]
31 8.152642488479614 Robot: (49, 23, [0, 1, 0, 1]) Solution: [49, 23] [0, 1, 0, 1]
14 2.710254192352295 Robot: (72, 16, [1, 1, 0, 0]) Solution: [72, 16] [1, 1, 0, 0]
20 3.8808162212371826 Robot: (137, 3, [1, 0, 0, 1]) Solution: [137, 3] [1, 0, 0, 1]
22 4.047044515609741 Robot: (99, 41, [1, 0, 1, 1]) Solution: [99, 41] [1, 0, 1, 1]
34 6.184418439865112 Robot: (122, 8, [0, 0, 0, 1]) Solution: [122, 8] [0, 0, 0, 1]
29 5.773844480514526 Robot: (98, 39, [0, 0, 1, 0]) Solution: [98, 39] [0, 0, 1, 0]
17 3.156661033630371 Robot: (141, 20, [0, 0, 0, 1]) Solution: [141, 20] [0, 0, 0, 1]
29 5.092802286148071 Robot: (93, 37, [1, 1, 0, 0]) Solution: [93, 37] [1, 1, 0, 0]
51 9.18485164642334 Robot: (135, 20, [0, 1, 0, 0]) Solution: [135, 20] [0, 1, 0, 0]
86 23.1677565574646 Robot: (118, 51, [1, 0, 0, 0]) Solution: [118, 51] [1, 0, 0, 0]
35 11.764105558395386 Robot: (19, 5, [1, 0, 0, 1]) Solution: [19, 5] [1, 0, 0, 1]
30 10.05077862739563 Robot: (14, 17, [1, 0, 1, 0]) Solution: [14, 17] [1, 0, 1, 0]
18 5.945281028747559 Robot: (99, 9, [0, 0, 0, 0]) Solution: [99, 9] [0, 0, 0, 0]
35 9.422775983810425 Robot: (141, 53, [0, 0, 1, 1]) Solution: [141, 53] [0, 0, 1, 1]
127 23.12268567085266 Robot: (148, 26, [0, 1, 0, 1]) Solution: [148, 26] [0, 1, 0, 1]
79 14.393736839294434 Robot: (122, 43, [1, 0, 0, 0]) Solution: [122, 43] [1, 0, 0, 0]
30 5.557687520980835 Robot: (121, 1, [1, 0, 0, 0]) Solution: [121, 1] [1, 0, 0, 0]
24 4.545135259628296 Robot: (137, 45, [1, 0, 0, 1]) Solution: [137, 45] [1, 0, 0, 1]
20 3.4090723991394043 Robot: (19, 35, [0, 1, 1, 1]) Solution: [19, 35] [0, 1, 1, 1]
36 6.698443412780762 Robot: (112, 28, [0, 0, 1, 0]) Solution: [112, 28] [0, 0, 1, 0]
12 2.240474224090576 Robot: (8, 49, [0, 0, 0, 0]) Solution: [8, 49] [0, 0, 0, 0]
25 4.563016414642334 Robot: (83, 25, [0, 0, 1, 0]) Solution: [83, 25] [0, 0, 1, 0]
15 2.856748580932617 Robot: (1, 24, [0, 1, 0, 1]) Solution: [1, 24] [0, 1, 0, 1]
13 3.322127103805542 Robot: (143, 5, [1, 0, 0, 1]) Solution: [143, 5] [1, 0, 0, 1]
27 5.89867377281189 Robot: (97, 21, [0, 0, 1, 0]) Solution: [97, 21] [0, 0, 1, 0]
18 6.031559705734253 Robot: (77, 52, [0, 0, 0, 1]) Solution: [77, 52] [0, 0, 0, 1]
32 11.31321096420288 Robot: (6, 33, [1, 0, 0, 0]) Solution: [6, 33] [1, 0, 0, 0]
19 7.0496299266815186 Robot: (89, 44, [0, 1, 0, 1]) Solution: [89, 44] [0, 1, 0, 1]
16 6.20564866065979 Robot: (73, 31, [0, 0, 0, 1]) Solution: [73, 31] [0, 0, 0, 1]
12 4.009278774261475 Robot: (55, 45, [1, 0, 0, 0]) Solution: [55, 45] [1, 0, 0, 0]
11 3.701146364212036 Robot: (143, 26, [0, 0, 0, 0]) Solution: [143, 26] [0, 0, 0, 0]
18 5.9857165813446045 Robot: (87, 3, [0, 0, 0, 0]) Solution: [87, 3] [0, 0, 0, 0]
23 7.594959497451782 Robot: (100, 33, [1, 0, 0, 0]) Solution: [100, 33] [1, 0, 0, 0]
21 6.991714239120483 Robot: (51, 5, [0, 0, 1, 0]) Solution: [51, 5] [0, 0, 1, 0]
27 8.95602822303772 Robot: (34, 45, [0, 0, 1, 0]) Solution: [34, 45] [0, 0, 1, 0]
20 6.634384870529175 Robot: (135, 43, [1, 0, 0, 1]) Solution: [135, 43] [1, 0, 0, 1]
21 7.00270938873291 Robot: (19, 29, [1, 0, 0, 0]) Solution: [19, 29] [1, 0, 0, 0]
14 4.669947624206543 Robot: (150, 35, [1, 0, 0, 0]) Solution: [150, 35] [1, 0, 0, 0]
36 6.8610687255859375 Robot: (25, 53, [1, 1, 1, 0]) Solution: [25, 53] [1, 1, 1, 0]
63 13.908352613449097 Robot: (55, 50, [0, 1, 0, 1]) Solution: [55, 50] [0, 1, 0, 1]
20 4.19374680519104 Robot: (18, 47, [0, 0, 1, 0]) Solution: [18, 47] [0, 0, 1, 0]
38 8.03552770614624 Robot: (100, 29, [1, 0, 1, 0]) Solution: [100, 29] [1, 0, 1, 0]
44 9.711124420166016 Robot: (28, 50, [1, 0, 1, 0]) Solution: [28, 50] [1, 0, 1, 0]
32 8.972617626190186 Robot: (77, 19, [0, 0, 0, 1]) Solution: [77, 19] [0, 0, 0, 1]
40 12.686553955078125 Robot: (130, 47, [1, 0, 1, 0]) Solution: [130, 47] [1, 0, 1, 0]
16 3.698025703430176 Robot: (116, 23, [1, 0, 1, 0]) Solution: [116, 23] [1, 0, 1, 0]
22 4.62410044670105 Robot: (76, 7, [0, 0, 1, 0]) Solution: [76, 7] [0, 0, 1, 0]
22 4.3240556716918945 Robot: (90, 28, [1, 0, 0, 1]) Solution: [90, 28] [1, 0, 0, 1]
46 9.99548077583313 Robot: (115, 50, [0, 1, 0, 0]) Solution: [115, 50] [0, 1, 0, 0]
20 3.9705562591552734 Robot: (9, 18, [0, 1, 0, 0]) Solution: [9, 18] [0, 1, 0, 0]
17 4.0211145877838135 Robot: (98, 38, [1, 1, 0, 1]) Solution: [98, 38] [1, 1, 0, 1]
22 4.338393449783325 Robot: (106, 13, [1, 0, 1, 0]) Solution: [106, 13] [1, 0, 1, 0]
28 5.3301849365234375 Robot: (111, 52, [0, 1, 0, 1]) Solution: [111, 52] [0, 1, 0, 1]
18 3.33414626121521 Robot: (95, 23, [0, 0, 1, 0]) Solution: [95, 23] [0, 0, 1, 0]
40 7.426664590835571 Robot: (151, 1, [1, 0, 1, 0]) Solution: [151, 1] [1, 0, 1, 0]
42 9.035330772399902 Robot: (113, 28, [0, 1, 0, 0]) Solution: [113, 28] [0, 1, 0, 0]
15 3.169341564178467 Robot: (74, 32, [0, 1, 0, 0]) Solution: [74, 32] [0, 1, 0, 0]
21 3.9784998893737793 Robot: (144, 12, [0, 1, 0, 0]) Solution: [144, 12] [0, 1, 0, 0]
16 3.228487253189087 Robot: (81, 7, [0, 1, 1, 0]) Solution: [81, 7] [0, 1, 1, 0]
27 4.952077150344849 Robot: (9, 41, [0, 0, 0, 0]) Solution: [9, 41] [0, 0, 0, 0]
17 3.9065256118774414 Robot: (51, 12, [0, 0, 0, 1]) Solution: [51, 12] [0, 0, 0, 1]
25 5.211639165878296 Robot: (69, 35, [0, 0, 1, 1]) Solution: [69, 35] [0, 0, 1, 1]
33 6.823178052902222 Robot: (46, 53, [1, 0, 1, 0]) Solution: [46, 53] [1, 0, 1, 0]
17 3.1843886375427246 Robot: (84, 11, [1, 0, 1, 0]) Solution: [84, 11] [1, 0, 1, 0]
18 4.844732999801636 Robot: (57, 15, [0, 1, 0, 1]) Solution: [57, 15] [0, 1, 0, 1]
18 5.783982515335083 Robot: (130, 9, [1, 0, 1, 0]) Solution: [130, 9] [1, 0, 1, 0]
32 10.835141897201538 Robot: (18, 47, [0, 0, 1, 0]) Solution: [18, 47] [0, 0, 1, 0]
19 4.810508728027344 Robot: (14, 14, [0, 0, 0, 0]) Solution: [14, 14] [0, 0, 0, 0]
25 6.102673292160034 Robot: (63, 8, [0, 1, 0, 1]) Solution: [63, 8] [0, 1, 0, 1]
14 3.4769930839538574 Robot: (87, 14, [0, 1, 0, 0]) Solution: [87, 14] [0, 1, 0, 0]
19 5.397705554962158 Robot: (135, 43, [1, 0, 0, 1]) Solution: [135, 43] [1, 0, 0, 1]
25 7.696810960769653 Robot: (135, 17, [0, 0, 1, 1]) Solution: [135, 17] [0, 0, 1, 1]
13 2.5887739658355713 Robot: (73, 7, [0, 1, 0, 0]) Solution: [73, 7] [0, 1, 0, 0]
15 3.758366346359253 Robot: (70, 30, [0, 0, 0, 1]) Solution: [70, 30] [0, 0, 0, 1]
18 5.976635694503784 Robot: (41, 29, [0, 0, 0, 0]) Solution: [41, 29] [0, 0, 0, 0]
12 3.9662632942199707 Robot: (109, 19, [0, 0, 0, 1]) Solution: [109, 19] [0, 0, 0, 1]
29 9.593194007873535 Robot: (39, 3, [0, 0, 0, 0]) Solution: [39, 3] [0, 0, 0, 0]
14 4.631914377212524 Robot: (140, 38, [0, 1, 0, 1]) Solution: [140, 38] [0, 1, 0, 1]
24 8.014878273010254 Robot: (55, 16, [0, 0, 0, 1]) Solution: [55, 16] [0, 0, 0, 1]
24 8.176526308059692 Robot: (145, 19, [1, 0, 1, 0]) Solution: [145, 19] [1, 0, 1, 0]
18 4.512925624847412 Robot: (50, 10, [0, 1, 0, 1]) Solution: [50, 10] [0, 1, 0, 1]
18 4.529398202896118 Robot: (32, 53, [1, 0, 1, 0]) Solution: [32, 53] [1, 0, 1, 0]
26 8.723597764968872 Robot: (107, 27, [0, 0, 0, 1]) Solution: [107, 27] [0, 0, 0, 1]
27 9.187962770462036 Robot: (129, 1, [1, 0, 0, 1]) Solution: [129, 1] [1, 0, 0, 1]
51 16.9680917263031 Robot: (53, 31, [1, 0, 0, 1]) Solution: [53, 31] [1, 0, 0, 1]
51 17.091388463974 Robot: (23, 38, [0, 1, 0, 1]) Solution: [23, 38] [0, 1, 0, 1]
19 6.424686908721924 Robot: (48, 20, [1, 0, 0, 0]) Solution: [48, 20] [1, 0, 0, 0]
22 7.325988531112671 Robot: (17, 31, [0, 0, 1, 0]) Solution: [17, 31] [0, 0, 1, 0]
17 5.655513048171997 Robot: (96, 33, [1, 0, 1, 0]) Solution: [96, 33] [1, 0, 1, 0]
14 4.653315782546997 Robot: (1, 41, [0, 0, 0, 1]) Solution: [1, 41] [0, 0, 0, 1]
28 9.281421422958374 Robot: (49, 33, [0, 1, 0, 0]) Solution: [49, 33] [0, 1, 0, 0]
30 9.944921493530273 Robot: (51, 15, [1, 0, 1, 0]) Solution: [51, 15] [1, 0, 1, 0]
17 5.634111642837524 Robot: (113, 19, [0, 0, 0, 1]) Solution: [113, 19] [0, 0, 0, 1]
26 8.610772609710693 Robot: (32, 12, [0, 0, 1, 0]) Solution: [32, 12] [0, 0, 1, 0]
18 6.009253978729248 Robot: (104, 5, [1, 0, 1, 0]) Solution: [104, 5] [1, 0, 1, 0]
19 6.276048183441162 Robot: (109, 22, [0, 0, 0, 0]) Solution: [109, 22] [0, 0, 0, 0]
19 6.323315143585205 Robot: (26, 12, [0, 1, 0, 1]) Solution: [26, 12] [0, 1, 0, 1]
36 11.933830499649048 Robot: (10, 40, [0, 1, 0, 0]) Solution: [10, 40] [0, 1, 0, 0]
18 5.950075149536133 Robot: (40, 31, [1, 0, 1, 0]) Solution: [40, 31] [1, 0, 1, 0]
15 4.9710187911987305 Robot: (47, 53, [0, 0, 1, 0]) Solution: [47, 53] [0, 0, 1, 0]
22 7.280410289764404 Robot: (131, 27, [0, 1, 0, 0]) Solution: [131, 27] [0, 1, 0, 0]
21 6.966346740722656 Robot: (64, 29, [1, 0, 0, 0]) Solution: [64, 29] [1, 0, 0, 0]
25 8.290560722351074 Robot: (39, 1, [1, 0, 0, 0]) Solution: [39, 1] [1, 0, 0, 0]
25 8.273333072662354 Robot: (15, 7, [0, 0, 1, 0]) Solution: [15, 7] [0, 0, 1, 0]
16 5.297733306884766 Robot: (111, 41, [0, 0, 0, 0]) Solution: [111, 41] [0, 0, 0, 0]
82 27.18627691268921 Robot: (41, 2, [0, 1, 0, 1]) Solution: [41, 2] [0, 1, 0, 1]
30 9.994025707244873 Robot: (61, 18, [0, 0, 0, 1]) Solution: [61, 18] [0, 0, 0, 1]
19 6.311848878860474 Robot: (127, 43, [0, 1, 0, 0]) Solution: [127, 43] [0, 1, 0, 0]
30 9.956939220428467 Robot: (145, 5, [1, 0, 1, 0]) Solution: [145, 5] [1, 0, 1, 0]
14 4.62263298034668 Robot: (85, 40, [0, 1, 0, 0]) Solution: [85, 40] [0, 1, 0, 0]
16 5.278484344482422 Robot: (80, 44, [0, 1, 0, 1]) Solution: [80, 44] [0, 1, 0, 1]
26 8.71638536453247 Robot: (8, 44, [0, 0, 1, 0]) Solution: [8, 44] [0, 0, 1, 0]
63 21.245986461639404 Robot: (19, 47, [1, 0, 0, 0]) Solution: [19, 47] [1, 0, 0, 0]
22 7.237342834472656 Robot: (129, 17, [0, 0, 0, 0]) Solution: [129, 17] [0, 0, 0, 0]
29 9.52549123764038 Robot: (59, 6, [0, 1, 0, 0]) Solution: [59, 6] [0, 1, 0, 0]
48 15.870746850967407 Robot: (53, 49, [0, 0, 1, 0]) Solution: [53, 49] [0, 0, 1, 0]
25 8.240969896316528 Robot: (140, 38, [0, 1, 0, 1]) Solution: [140, 38] [0, 1, 0, 1]
19 6.243128538131714 Robot: (53, 53, [0, 0, 1, 1]) Solution: [53, 53] [0, 0, 1, 1]
25 8.242489099502563 Robot: (104, 9, [0, 0, 1, 0]) Solution: [104, 9] [0, 0, 1, 0]
16 5.235961437225342 Robot: (66, 16, [0, 0, 0, 1]) Solution: [66, 16] [0, 0, 0, 1]
26 8.562793731689453 Robot: (135, 40, [0, 1, 0, 1]) Solution: [135, 40] [0, 1, 0, 1]
19 6.257985353469849 Robot: (114, 46, [0, 1, 0, 0]) Solution: [114, 46] [0, 1, 0, 0]
31 10.235059976577759 Robot: (9, 2, [0, 1, 0, 1]) Solution: [9, 2] [0, 1, 0, 1]
21 6.918854475021362 Robot: (79, 19, [0, 0, 0, 0]) Solution: [79, 19] [0, 0, 0, 0]
26 8.5712730884552 Robot: (15, 19, [0, 1, 0, 1]) Solution: [15, 19] [0, 1, 0, 1]
25 8.232957363128662 Robot: (125, 2, [0, 0, 0, 1]) Solution: [125, 2] [0, 0, 0, 1]
17 5.572315216064453 Robot: (99, 9, [0, 0, 0, 0]) Solution: [99, 9] [0, 0, 0, 0]
40 13.231830835342407 Robot: (36, 21, [1, 0, 0, 0]) Solution: [36, 21] [1, 0, 0, 0]
19 6.271697759628296 Robot: (97, 17, [1, 0, 1, 0]) Solution: [97, 17] [1, 0, 1, 0]
23 7.581669330596924 Robot: (59, 30, [0, 1, 0, 1]) Solution: [59, 30] [0, 1, 0, 1]
16 5.28689432144165 Robot: (146, 43, [0, 0, 1, 0]) Solution: [146, 43] [0, 0, 1, 0]
20 6.582967519760132 Robot: (87, 34, [0, 1, 0, 0]) Solution: [87, 34] [0, 1, 0, 0]
21 6.921546936035156 Robot: (96, 26, [0, 0, 0, 1]) Solution: [96, 26] [0, 0, 0, 1]
45 14.862134218215942 Robot: (22, 34, [0, 1, 0, 0]) Solution: [22, 34] [0, 1, 0, 0]
22 7.2485456466674805 Robot: (99, 22, [0, 1, 0, 1]) Solution: [99, 22] [0, 1, 0, 1]
25 8.24843144416809 Robot: (98, 20, [0, 0, 0, 0]) Solution: [98, 20] [0, 0, 0, 0]
25 8.249943971633911 Robot: (107, 21, [0, 1, 0, 0]) Solution: [107, 21] [0, 1, 0, 0]
18 5.917341470718384 Robot: (7, 15, [1, 1, 0, 0]) Solution: [7, 15] [1, 1, 0, 0]
20 6.5859739780426025 Robot: (45, 18, [0, 1, 0, 0]) Solution: [45, 18] [0, 1, 0, 0]
21 6.922616481781006 Robot: (125, 31, [0, 0, 0, 0]) Solution: [125, 31] [0, 0, 0, 0]
37 12.210809469223022 Robot: (56, 19, [1, 0, 1, 0]) Solution: [56, 19] [1, 0, 1, 0]
24 7.923320293426514 Robot: (88, 27, [0, 0, 0, 0]) Solution: [88, 27] [0, 0, 0, 0]
17 5.610677719116211 Robot: (61, 23, [0, 0, 0, 0]) Solution: [61, 23] [0, 0, 0, 0]
19 6.249620676040649 Robot: (143, 49, [0, 1, 0, 1]) Solution: [143, 49] [0, 1, 0, 1]
21 6.948142766952515 Robot: (143, 49, [0, 1, 0, 1]) Solution: [143, 49] [0, 1, 0, 1]
43 14.223400831222534 Robot: (35, 31, [1, 0, 0, 0]) Solution: [35, 31] [1, 0, 0, 0]
44 14.534430742263794 Robot: (29, 7, [0, 0, 1, 0]) Solution: [29, 7] [0, 0, 1, 0]
23 7.576475381851196 Robot: (115, 40, [0, 1, 0, 0]) Solution: [115, 40] [0, 1, 0, 0]
19 6.259124517440796 Robot: (43, 35, [0, 0, 0, 1]) Solution: [43, 35] [0, 0, 0, 1]
12 3.9657187461853027 Robot: (87, 30, [0, 1, 0, 1]) Solution: [87, 30] [0, 1, 0, 1]
30 9.89157223701477 Robot: (99, 22, [0, 1, 0, 1]) Solution: [99, 22] [0, 1, 0, 1]
27 8.893861055374146 Robot: (67, 3, [1, 0, 1, 0]) Solution: [67, 3] [1, 0, 1, 0]
29 9.56667709350586 Robot: (61, 25, [0, 0, 0, 1]) Solution: [61, 25] [0, 0, 0, 1]
27 8.929247617721558 Robot: (19, 29, [1, 0, 0, 0]) Solution: [19, 29] [1, 0, 0, 0]
14 4.59917950630188 Robot: (66, 23, [1, 0, 1, 0]) Solution: [66, 23] [1, 0, 1, 0]
20 6.580207586288452 Robot: (10, 9, [0, 0, 1, 0]) Solution: [10, 9] [0, 0, 1, 0]
13 4.267629146575928 Robot: (127, 13, [0, 0, 1, 0]) Solution: [127, 13] [0, 0, 1, 0]
12 3.933194637298584 Robot: (110, 11, [0, 0, 1, 0]) Solution: [110, 11] [0, 0, 1, 0]
24 7.892310380935669 Robot: (73, 25, [0, 0, 1, 0]) Solution: [73, 25] [0, 0, 1, 0]
20 6.577577114105225 Robot: (19, 27, [0, 0, 1, 0]) Solution: [19, 27] [0, 0, 1, 0]
13 4.270700216293335 Robot: (64, 35, [1, 0, 1, 0]) Solution: [64, 35] [1, 0, 1, 0]
21 6.885936498641968 Robot: (73, 31, [0, 0, 0, 1]) Solution: [73, 31] [0, 0, 0, 1]
25 8.22697401046753 Robot: (3, 3, [0, 0, 0, 0]) Solution: [3, 3] [0, 0, 0, 0]
18 5.942672252655029 Robot: (111, 31, [0, 1, 0, 0]) Solution: [111, 31] [0, 1, 0, 0]
20 6.616741418838501 Robot: (45, 29, [0, 0, 1, 1]) Solution: [45, 29] [0, 0, 1, 1]
13 4.289609909057617 Robot: (5, 30, [0, 1, 0, 1]) Solution: [5, 30] [0, 1, 0, 1]
21 6.905196189880371 Robot: (133, 19, [0, 1, 0, 0]) Solution: [133, 19] [0, 1, 0, 0]
17 5.590476989746094 Robot: (71, 29, [0, 0, 0, 0]) Solution: [71, 29] [0, 0, 0, 0]
20 6.61632513999939 Robot: (43, 24, [0, 0, 0, 1]) Solution: [43, 24] [0, 0, 0, 1]
13 4.280374526977539 Robot: (124, 11, [1, 0, 1, 0]) Solution: [124, 11] [1, 0, 1, 0]
19 6.253917694091797 Robot: (107, 21, [0, 1, 0, 0]) Solution: [107, 21] [0, 1, 0, 0]
26 8.569332361221313 Robot: (51, 36, [0, 1, 0, 1]) Solution: [51, 36] [0, 1, 0, 1]
17 5.571441888809204 Robot: (107, 45, [0, 0, 1, 0]) Solution: [107, 45] [0, 0, 1, 0]
14 4.621215581893921 Robot: (85, 25, [1, 1, 0, 0]) Solution: [85, 25] [1, 1, 0, 0]
54 17.81597900390625 Robot: (59, 37, [1, 0, 1, 0]) Solution: [59, 37] [1, 0, 1, 0]
14 4.608819246292114 Robot: (119, 17, [0, 1, 0, 0]) Solution: [119, 17] [0, 1, 0, 0]
17 5.63038444519043 Robot: (75, 24, [0, 1, 0, 1]) Solution: [75, 24] [0, 1, 0, 1]
15 4.952214002609253 Robot: (98, 43, [1, 0, 0, 0]) Solution: [98, 43] [1, 0, 0, 0]
26 8.591045141220093 Robot: (65, 11, [0, 0, 1, 0]) Solution: [65, 11] [0, 0, 1, 0]
44 14.519554376602173 Robot: (57, 19, [0, 0, 0, 0]) Solution: [57, 19] [0, 0, 0, 0]
22 7.266071319580078 Robot: (70, 19, [1, 0, 1, 0]) Solution: [70, 19] [1, 0, 1, 0]
19 6.2465128898620605 Robot: (80, 18, [0, 1, 0, 0]) Solution: [80, 18] [0, 1, 0, 0]
20 6.593091249465942 Robot: (129, 49, [0, 0, 1, 0]) Solution: [129, 49] [0, 0, 1, 0]
11 3.6072449684143066 Robot: (37, 37, [1, 0, 0, 1]) Solution: [37, 37] [1, 0, 0, 1]
17 5.5795958042144775 Robot: (72, 53, [0, 0, 1, 0]) Solution: [72, 53] [0, 0, 1, 0]
31 10.199894189834595 Robot: (65, 43, [1, 1, 0, 0]) Solution: [65, 43] [1, 1, 0, 0]
24 7.901562690734863 Robot: (80, 44, [0, 1, 0, 1]) Solution: [80, 44] [0, 1, 0, 1]
36 11.860610485076904 Robot: (120, 27, [1, 0, 0, 0]) Solution: [120, 27] [1, 0, 0, 0]
33 10.845999240875244 Robot: (146, 10, [1, 0, 0, 1]) Solution: [146, 10] [1, 0, 0, 1]
22 7.249370098114014 Robot: (67, 26, [0, 1, 0, 1]) Solution: [67, 26] [0, 1, 0, 1]
17 5.618966579437256 Robot: (7, 10, [0, 0, 0, 0]) Solution: [7, 10] [0, 0, 0, 0]
29 9.577441692352295 Robot: (67, 45, [0, 0, 0, 1]) Solution: [67, 45] [0, 0, 0, 1]
13 4.284257173538208 Robot: (151, 11, [0, 0, 0, 0]) Solution: [151, 11] [0, 0, 0, 0]
12 3.9585583209991455 Robot: (59, 26, [0, 0, 0, 0]) Solution: [59, 26] [0, 0, 0, 0]
24 7.9189088344573975 Robot: (9, 2, [0, 1, 0, 1]) Solution: [9, 2] [0, 1, 0, 1]
35 11.544782876968384 Robot: (151, 5, [0, 1, 1, 0]) Solution: [151, 5] [0, 1, 1, 0]
13 4.252883434295654 Robot: (123, 26, [0, 0, 0, 1]) Solution: [123, 26] [0, 0, 0, 1]
26 8.570576190948486 Robot: (125, 26, [0, 1, 0, 0]) Solution: [125, 26] [0, 1, 0, 0]
24 7.903967618942261 Robot: (85, 14, [0, 0, 0, 0]) Solution: [85, 14] [0, 0, 0, 0]
23 7.581456184387207 Robot: (145, 15, [1, 0, 0, 0]) Solution: [145, 15] [1, 0, 0, 0]
30 9.890053987503052 Robot: (93, 11, [1, 0, 1, 0]) Solution: [93, 11] [1, 0, 1, 0]
18 5.941343069076538 Robot: (119, 49, [0, 0, 1, 0]) Solution: [119, 49] [0, 0, 1, 0]
34 11.253262519836426 Robot: (128, 23, [0, 0, 0, 0]) Solution: [128, 23] [0, 0, 0, 0]
24 7.925702095031738 Robot: (117, 18, [0, 0, 0, 1]) Solution: [117, 18] [0, 0, 0, 1]
17 5.620798826217651 Robot: (123, 37, [0, 0, 0, 1]) Solution: [123, 37] [0, 0, 0, 1]
33 10.889209508895874 Robot: (8, 33, [0, 0, 1, 0]) Solution: [8, 33] [0, 0, 1, 0]
19 6.267557621002197 Robot: (137, 10, [0, 0, 0, 1]) Solution: [137, 10] [0, 0, 0, 1]
13 4.296681880950928 Robot: (111, 34, [0, 1, 0, 1]) Solution: [111, 34] [0, 1, 0, 1]
12 3.9735612869262695 Robot: (143, 33, [1, 1, 0, 0]) Solution: [143, 33] [1, 1, 0, 0]
16 5.278315305709839 Robot: (93, 25, [0, 0, 0, 0]) Solution: [93, 25] [0, 0, 0, 0]
18 5.9569621086120605 Robot: (126, 21, [1, 0, 1, 0]) Solution: [126, 21] [1, 0, 1, 0]
74 24.448092699050903 Robot: (147, 29, [1, 0, 0, 0]) Solution: [147, 29] [1, 0, 0, 0]
38 12.531393766403198 Robot: (16, 27, [0, 0, 1, 0]) Solution: [16, 27] [0, 0, 1, 0]
24 7.919401407241821 Robot: (23, 12, [0, 0, 0, 1]) Solution: [23, 12] [0, 0, 0, 1]
22 7.244874715805054 Robot: (150, 30, [0, 0, 1, 0]) Solution: [150, 30] [0, 0, 1, 0]
18 5.940021753311157 Robot: (121, 12, [0, 1, 0, 0]) Solution: [121, 12] [0, 1, 0, 0]
13 4.288703680038452 Robot: (129, 28, [0, 1, 0, 0]) Solution: [129, 28] [0, 1, 0, 0]
13 4.292073488235474 Robot: (107, 1, [1, 0, 0, 1]) Solution: [107, 1] [1, 0, 0, 1]
16 5.285396099090576 Robot: (126, 45, [1, 0, 0, 0]) Solution: [126, 45] [1, 0, 0, 0]
21 6.93745756149292 Robot: (111, 17, [0, 0, 1, 0]) Solution: [111, 17] [0, 0, 1, 0]
19 6.251461744308472 Robot: (1, 2, [0, 1, 0, 1]) Solution: [1, 2] [0, 1, 0, 1]
36 11.877965450286865 Robot: (93, 11, [1, 0, 1, 0]) Solution: [93, 11] [1, 0, 1, 0]
16 5.281138896942139 Robot: (61, 5, [0, 0, 0, 0]) Solution: [61, 5] [0, 0, 0, 0]
24 7.904420614242554 Robot: (71, 43, [0, 1, 0, 0]) Solution: [71, 43] [0, 1, 0, 0]
31 10.182767629623413 Robot: (5, 4, [0, 1, 0, 0]) Solution: [5, 4] [0, 1, 0, 0]
24 7.9105165004730225 Robot: (111, 10, [0, 1, 0, 0]) Solution: [111, 10] [0, 1, 0, 0]
22 7.243181467056274 Robot: (140, 33, [1, 0, 1, 0]) Solution: [140, 33] [1, 0, 1, 0]
38 12.53547191619873 Robot: (39, 51, [1, 0, 0, 0]) Solution: [39, 51] [1, 0, 0, 0]
19 6.281279802322388 Robot: (102, 43, [1, 0, 0, 0]) Solution: [102, 43] [1, 0, 0, 0]
34 11.233383178710938 Robot: (60, 15, [0, 0, 1, 0]) Solution: [60, 15] [0, 0, 1, 0]
26 8.607796907424927 Robot: (77, 34, [0, 1, 0, 0]) Solution: [77, 34] [0, 1, 0, 0]
15 4.91740345954895 Robot: (119, 15, [0, 0, 0, 0]) Solution: [119, 15] [0, 0, 0, 0]
44 14.529358863830566 Robot: (64, 43, [1, 0, 1, 0]) Solution: [64, 43] [1, 0, 1, 0]
28 9.261435270309448 Robot: (80, 12, [0, 0, 0, 0]) Solution: [80, 12] [0, 0, 0, 0]
27 8.902605056762695 Robot: (121, 17, [0, 0, 1, 1]) Solution: [121, 17] [0, 0, 1, 1]
20 6.595864534378052 Robot: (151, 36, [0, 0, 0, 0]) Solution: [151, 36] [0, 0, 0, 0]
37 12.208769798278809 Robot: (49, 9, [0, 0, 1, 1]) Solution: [49, 9] [0, 0, 1, 1]
20 6.6090247631073 Robot: (97, 33, [0, 1, 0, 0]) Solution: [97, 33] [0, 1, 0, 0]
100 33.053064823150635 Robot: (16, 51, [0, 0, 1, 0]) Solution: [16, 51] [0, 0, 1, 0]
33 10.910760641098022 Robot: (107, 17, [0, 0, 1, 0]) Solution: [107, 17] [0, 0, 1, 0]
14 4.621032238006592 Robot: (95, 17, [0, 0, 0, 1]) Solution: [95, 17] [0, 0, 0, 1]
40 13.18730902671814 Robot: (75, 15, [0, 0, 0, 0]) Solution: [75, 15] [0, 0, 0, 0]
17 5.60111927986145 Robot: (44, 19, [0, 0, 0, 0]) Solution: [44, 19] [0, 0, 0, 0]
22 7.265834331512451 Robot: (53, 27, [0, 0, 0, 0]) Solution: [53, 27] [0, 0, 0, 0]
51 16.880775928497314 Robot: (101, 1, [1, 0, 0, 0]) Solution: [101, 1] [1, 0, 0, 0]
22 7.263261318206787 Robot: (31, 50, [0, 1, 0, 0]) Solution: [31, 50] [0, 1, 0, 0]
12 3.927121639251709 Robot: (9, 41, [0, 0, 0, 0]) Solution: [9, 41] [0, 0, 0, 0]
32 10.569922685623169 Robot: (37, 45, [0, 0, 0, 1]) Solution: [37, 45] [0, 0, 0, 1]
38 12.538317680358887 Robot: (145, 32, [0, 1, 0, 1]) Solution: [145, 32] [0, 1, 0, 1]
22 7.289387464523315 Robot: (82, 33, [0, 0, 0, 0]) Solution: [82, 33] [0, 0, 0, 0]
50 16.545663595199585 Robot: (137, 51, [0, 0, 1, 0]) Solution: [137, 51] [0, 0, 1, 0]
28 9.260445356369019 Robot: (9, 13, [1, 0, 0, 0]) Solution: [9, 13] [1, 0, 0, 0]
49 16.15975832939148 Robot: (91, 45, [0, 1, 0, 0]) Solution: [91, 45] [0, 1, 0, 0]
15 4.969426155090332 Robot: (125, 38, [0, 0, 0, 1]) Solution: [125, 38] [0, 0, 0, 1]
18 5.923583745956421 Robot: (3, 8, [0, 1, 0, 1]) Solution: [3, 8] [0, 1, 0, 1]
23 7.570446252822876 Robot: (49, 37, [0, 0, 0, 0]) Solution: [49, 37] [0, 0, 0, 0]
14 4.6179728507995605 Robot: (76, 7, [0, 0, 1, 0]) Solution: [76, 7] [0, 0, 1, 0]
21 6.965503931045532 Robot: (137, 1, [1, 0, 1, 0]) Solution: [137, 1] [1, 0, 1, 0]
34 11.252705335617065 Robot: (4, 51, [0, 0, 1, 0]) Solution: [4, 51] [0, 0, 1, 0]
40 13.227164030075073 Robot: (47, 39, [1, 1, 1, 0]) Solution: [47, 39] [1, 1, 1, 0]
19 6.269107341766357 Robot: (23, 27, [0, 0, 0, 0]) Solution: [23, 27] [0, 0, 0, 0]
22 7.2824578285217285 Robot: (83, 23, [0, 1, 0, 1]) Solution: [83, 23] [0, 1, 0, 1]
15 4.939127445220947 Robot: (13, 32, [0, 1, 0, 1]) Solution: [13, 32] [0, 1, 0, 1]
42 13.870488405227661 Robot: (39, 6, [0, 1, 0, 1]) Solution: [39, 6] [0, 1, 0, 1]
28 9.228711605072021 Robot: (8, 18, [0, 0, 1, 0]) Solution: [8, 18] [0, 0, 1, 0]
25 8.246492147445679 Robot: (148, 32, [1, 0, 1, 0]) Solution: [148, 32] [1, 0, 1, 0]
17 5.617412805557251 Robot: (144, 11, [0, 0, 0, 0]) Solution: [144, 11] [0, 0, 0, 0]
19 6.268540143966675 Robot: (21, 37, [0, 0, 1, 0]) Solution: [21, 37] [0, 0, 1, 0]
86 28.42972230911255 Robot: (11, 51, [1, 1, 0, 0]) Solution: [11, 51] [1, 1, 0, 0]
29 9.599257230758667 Robot: (86, 51, [1, 0, 1, 0]) Solution: [86, 51] [1, 0, 1, 0]
37 12.239128828048706 Robot: (22, 35, [0, 0, 1, 0]) Solution: [22, 35] [0, 0, 1, 0]
30 9.903286218643188 Robot: (141, 4, [0, 1, 0, 1]) Solution: [141, 4] [0, 1, 0, 1]
18 5.9504358768463135 Robot: (26, 7, [1, 0, 1, 0]) Solution: [26, 7] [1, 0, 1, 0]
14 4.616163015365601 Robot: (119, 10, [0, 0, 0, 1]) Solution: [119, 10] [0, 0, 0, 1]
19 6.2440290451049805 Robot: (27, 44, [0, 0, 0, 1]) Solution: [27, 44] [0, 0, 0, 1]
23 7.60686182975769 Robot: (103, 39, [1, 1, 0, 0]) Solution: [103, 39] [1, 1, 0, 0]
26 8.546889305114746 Robot: (69, 50, [0, 0, 0, 1]) Solution: [69, 50] [0, 0, 0, 1]
15 4.923487901687622 Robot: (1, 11, [0, 0, 0, 1]) Solution: [1, 11] [0, 0, 0, 1]
71 23.435338258743286 Robot: (60, 41, [0, 0, 1, 0]) Solution: [60, 41] [0, 0, 1, 0]
44 14.52883267402649 Robot: (57, 33, [0, 0, 0, 1]) Solution: [57, 33] [0, 0, 0, 1]
14 4.629138469696045 Robot: (60, 3, [0, 0, 0, 0]) Solution: [60, 3] [0, 0, 0, 0]
25 8.271775960922241 Robot: (118, 14, [1, 0, 0, 1]) Solution: [118, 14] [1, 0, 0, 1]
19 6.319865942001343 Robot: (45, 5, [1, 0, 0, 0]) Solution: [45, 5] [1, 0, 0, 0]
19 6.2611212730407715 Robot: (141, 31, [1, 0, 0, 1]) Solution: [141, 31] [1, 0, 0, 1]
34 11.19103717803955 Robot: (69, 34, [0, 1, 0, 0]) Solution: [69, 34] [0, 1, 0, 0]
24 7.916573762893677 Robot: (143, 53, [0, 0, 1, 0]) Solution: [143, 53] [0, 0, 1, 0]
19 6.286001682281494 Robot: (101, 24, [0, 1, 0, 1]) Solution: [101, 24] [0, 1, 0, 1]
24 7.935570478439331 Robot: (4, 20, [0, 0, 0, 0]) Solution: [4, 20] [0, 0, 0, 0]
19 6.255995273590088 Robot: (99, 45, [0, 1, 0, 0]) Solution: [99, 45] [0, 1, 0, 0]
28 9.26455807685852 Robot: (65, 19, [1, 0, 0, 1]) Solution: [65, 19] [1, 0, 0, 1]
26 8.567643880844116 Robot: (124, 51, [1, 0, 1, 0]) Solution: [124, 51] [1, 0, 1, 0]
24 7.929021120071411 Robot: (52, 41, [0, 0, 1, 0]) Solution: [52, 41] [0, 0, 1, 0]
23 7.5955588817596436 Robot: (128, 35, [1, 0, 0, 0]) Solution: [128, 35] [1, 0, 0, 0]
33 10.925490856170654 Robot: (83, 3, [1, 0, 1, 0]) Solution: [83, 3] [1, 0, 1, 0]
24 7.929195404052734 Robot: (59, 19, [0, 0, 0, 0]) Solution: [59, 19] [0, 0, 0, 0]
15 4.939945697784424 Robot: (29, 51, [0, 0, 1, 1]) Solution: [29, 51] [0, 0, 1, 1]
36 11.907790184020996 Robot: (83, 41, [1, 1, 0, 0]) Solution: [83, 41] [1, 1, 0, 0]
14 4.623255252838135 Robot: (139, 40, [0, 1, 0, 1]) Solution: [139, 40] [0, 1, 0, 1]
19 6.266623020172119 Robot: (14, 48, [1, 0, 0, 0]) Solution: [14, 48] [1, 0, 0, 0]
30 9.92266321182251 Robot: (111, 35, [0, 0, 0, 1]) Solution: [111, 35] [0, 0, 0, 1]
17 5.599855899810791 Robot: (135, 27, [0, 1, 0, 0]) Solution: [135, 27] [0, 1, 0, 0]
34 11.251429796218872 Robot: (84, 35, [1, 0, 1, 0]) Solution: [84, 35] [1, 0, 1, 0]
29 9.608192920684814 Robot: (133, 36, [0, 1, 0, 0]) Solution: [133, 36] [0, 1, 0, 0]
26 7.120685815811157 Robot: (38, 31, [0, 0, 0, 0]) Solution: [38, 31] [0, 0, 0, 0]
31 5.253244161605835 Robot: (137, 31, [1, 0, 1, 0]) Solution: [137, 31] [1, 0, 1, 0]
16 2.732253074645996 Robot: (87, 31, [0, 0, 0, 1]) Solution: [87, 31] [0, 0, 0, 1]
20 3.3695030212402344 Robot: (132, 50, [0, 0, 1, 0]) Solution: [132, 50] [0, 0, 1, 0]
22 3.719754219055176 Robot: (20, 3, [1, 0, 1, 0]) Solution: [20, 3] [1, 0, 1, 0]
17 2.87140154838562 Robot: (148, 13, [1, 0, 1, 0]) Solution: [148, 13] [1, 0, 1, 0]
44 7.445903062820435 Robot: (1, 13, [0, 0, 1, 1]) Solution: [1, 13] [0, 0, 1, 1]
31 5.2403435707092285 Robot: (97, 41, [0, 1, 0, 1]) Solution: [97, 41] [0, 1, 0, 1]
19 3.220092535018921 Robot: (139, 43, [1, 0, 1, 0]) Solution: [139, 43] [1, 0, 1, 0]
43 7.3336873054504395 Robot: (118, 53, [0, 0, 1, 0]) Solution: [118, 53] [0, 0, 1, 0]
33 5.6085028648376465 Robot: (93, 46, [0, 1, 0, 0]) Solution: [93, 46] [0, 1, 0, 0]
21 3.548133611679077 Robot: (48, 17, [1, 0, 1, 0]) Solution: [48, 17] [1, 0, 1, 0]
22 3.721160888671875 Robot: (38, 17, [1, 0, 1, 0]) Solution: [38, 17] [1, 0, 1, 0]
11 1.8462941646575928 Robot: (55, 39, [1, 0, 0, 1]) Solution: [55, 39] [1, 0, 0, 1]
26 4.404293537139893 Robot: (135, 39, [1, 1, 0, 0]) Solution: [135, 39] [1, 1, 0, 0]
31 5.225423574447632 Robot: (28, 35, [1, 0, 0, 0]) Solution: [28, 35] [1, 0, 0, 0]
15 2.5207178592681885 Robot: (55, 23, [1, 0, 1, 0]) Solution: [55, 23] [1, 0, 1, 0]
34 5.737564325332642 Robot: (105, 2, [0, 1, 0, 0]) Solution: [105, 2] [0, 1, 0, 0]
23 3.869751214981079 Robot: (71, 11, [1, 1, 0, 0]) Solution: [71, 11] [1, 1, 0, 0]
19 3.2197608947753906 Robot: (57, 1, [1, 0, 1, 0]) Solution: [57, 1] [1, 0, 1, 0]
32 5.444350957870483 Robot: (119, 37, [1, 0, 0, 1]) Solution: [119, 37] [1, 0, 0, 1]
20 3.400561809539795 Robot: (107, 9, [0, 0, 1, 1]) Solution: [107, 9] [0, 0, 1, 1]
26 4.3814544677734375 Robot: (85, 33, [0, 0, 0, 0]) Solution: [85, 33] [0, 0, 0, 0]
23 3.8847758769989014 Robot: (143, 10, [0, 0, 0, 1]) Solution: [143, 10] [0, 0, 0, 1]
22 3.710230588912964 Robot: (11, 51, [1, 1, 0, 0]) Solution: [11, 51] [1, 1, 0, 0]
34 5.761862277984619 Robot: (43, 46, [0, 0, 0, 1]) Solution: [43, 46] [0, 0, 0, 1]
16 2.702479362487793 Robot: (8, 6, [1, 0, 1, 0]) Solution: [8, 6] [1, 0, 1, 0]
21 3.536062717437744 Robot: (32, 1, [1, 0, 0, 0]) Solution: [32, 1] [1, 0, 0, 0]
26 4.375000715255737 Robot: (39, 20, [0, 1, 0, 1]) Solution: [39, 20] [0, 1, 0, 1]
23 3.88674259185791 Robot: (101, 8, [0, 0, 0, 1]) Solution: [101, 8] [0, 0, 0, 1]
21 3.541919708251953 Robot: (116, 4, [0, 0, 0, 1]) Solution: [116, 4] [0, 0, 0, 1]
20 3.375377893447876 Robot: (93, 29, [0, 1, 1, 0]) Solution: [93, 29] [0, 1, 1, 0]
33 5.542540073394775 Robot: (77, 45, [0, 0, 1, 0]) Solution: [77, 45] [0, 0, 1, 0]
15 2.5216732025146484 Robot: (45, 49, [1, 1, 0, 0]) Solution: [45, 49] [1, 1, 0, 0]
59 9.984680891036987 Robot: (9, 51, [0, 0, 1, 0]) Solution: [9, 51] [0, 0, 1, 0]
23 3.886525869369507 Robot: (119, 47, [0, 1, 0, 1]) Solution: [119, 47] [0, 1, 0, 1]
25 4.2295310497283936 Robot: (57, 42, [0, 1, 0, 1]) Solution: [57, 42] [0, 1, 0, 1]
26 4.391915559768677 Robot: (35, 10, [0, 0, 0, 1]) Solution: [35, 10] [0, 0, 0, 1]
15 2.534614324569702 Robot: (119, 24, [0, 1, 0, 1]) Solution: [119, 24] [0, 1, 0, 1]
21 3.559286117553711 Robot: (43, 6, [0, 1, 0, 1]) Solution: [43, 6] [0, 1, 0, 1]
16 2.6894330978393555 Robot: (130, 38, [0, 0, 1, 0]) Solution: [130, 38] [0, 0, 1, 0]
15 2.522963285446167 Robot: (141, 19, [0, 0, 0, 0]) Solution: [141, 19] [0, 0, 0, 0]
41 6.909010171890259 Robot: (19, 25, [0, 0, 0, 0]) Solution: [19, 25] [0, 0, 0, 0]
16 2.690840721130371 Robot: (69, 50, [0, 0, 0, 1]) Solution: [69, 50] [0, 0, 0, 1]
25 4.222970247268677 Robot: (87, 53, [0, 0, 1, 0]) Solution: [87, 53] [0, 0, 1, 0]
28 4.728764295578003 Robot: (153, 36, [0, 1, 0, 0]) Solution: [153, 36] [0, 1, 0, 0]
14 2.353133201599121 Robot: (38, 17, [1, 0, 1, 0]) Solution: [38, 17] [1, 0, 1, 0]
16 2.6949591636657715 Robot: (115, 15, [0, 0, 0, 0]) Solution: [115, 15] [0, 0, 0, 0]
52 8.804970026016235 Robot: (146, 20, [0, 0, 0, 1]) Solution: [146, 20] [0, 0, 0, 1]
47 7.992343425750732 Robot: (93, 14, [0, 1, 0, 1]) Solution: [93, 14] [0, 1, 0, 1]
14 2.3636996746063232 Robot: (65, 51, [1, 0, 0, 1]) Solution: [65, 51] [1, 0, 0, 1]
14 2.372480630874634 Robot: (1, 21, [0, 0, 0, 1]) Solution: [1, 21] [0, 0, 0, 1]
21 3.5570476055145264 Robot: (121, 49, [1, 1, 0, 0]) Solution: [121, 49] [1, 1, 0, 0]
18 3.0482094287872314 Robot: (91, 31, [0, 0, 0, 0]) Solution: [91, 31] [0, 0, 0, 0]
31 5.260461091995239 Robot: (48, 53, [0, 0, 1, 0]) Solution: [48, 53] [0, 0, 1, 0]
16 2.697502851486206 Robot: (93, 29, [0, 1, 1, 0]) Solution: [93, 29] [0, 1, 1, 0]
46 7.775959253311157 Robot: (13, 38, [0, 1, 0, 1]) Solution: [13, 38] [0, 1, 0, 1]
18 3.0330846309661865 Robot: (64, 7, [0, 0, 1, 0]) Solution: [64, 7] [0, 0, 1, 0]
19 3.2035329341888428 Robot: (142, 23, [1, 0, 1, 0]) Solution: [142, 23] [1, 0, 1, 0]
17 2.8778278827667236 Robot: (60, 2, [0, 1, 0, 1]) Solution: [60, 2] [0, 1, 0, 1]
25 4.232914447784424 Robot: (118, 5, [1, 0, 1, 0]) Solution: [118, 5] [1, 0, 1, 0]
35 5.912684917449951 Robot: (49, 8, [0, 0, 0, 1]) Solution: [49, 8] [0, 0, 0, 1]
23 3.8881959915161133 Robot: (33, 23, [0, 0, 1, 1]) Solution: [33, 23] [0, 0, 1, 1]
30 5.093663454055786 Robot: (99, 5, [1, 1, 0, 0]) Solution: [99, 5] [1, 1, 0, 0]
39 6.6110944747924805 Robot: (146, 5, [1, 0, 1, 0]) Solution: [146, 5] [1, 0, 1, 0]
39 6.584559679031372 Robot: (45, 19, [0, 0, 0, 0]) Solution: [45, 19] [0, 0, 0, 0]
54 9.129484415054321 Robot: (73, 21, [1, 0, 0, 0]) Solution: [73, 21] [1, 0, 0, 0]
34 5.755964994430542 Robot: (15, 16, [0, 1, 0, 1]) Solution: [15, 16] [0, 1, 0, 1]
23 3.8538999557495117 Robot: (26, 22, [0, 1, 0, 1]) Solution: [26, 22] [0, 1, 0, 1]
31 5.220470905303955 Robot: (121, 43, [0, 0, 0, 0]) Solution: [121, 43] [0, 0, 0, 0]
33 5.577108383178711 Robot: (27, 33, [1, 0, 1, 0]) Solution: [27, 33] [1, 0, 1, 0]
21 3.5363271236419678 Robot: (24, 16, [0, 0, 0, 1]) Solution: [24, 16] [0, 0, 0, 1]
20 3.3904380798339844 Robot: (141, 32, [0, 0, 0, 1]) Solution: [141, 32] [0, 0, 0, 1]
16 2.6918704509735107 Robot: (19, 5, [1, 0, 0, 1]) Solution: [19, 5] [1, 0, 0, 1]
13 2.2112085819244385 Robot: (27, 4, [0, 1, 0, 1]) Solution: [27, 4] [0, 1, 0, 1]
58 9.838919401168823 Robot: (90, 53, [0, 0, 1, 0]) Solution: [90, 53] [0, 0, 1, 0]
24 4.05499267578125 Robot: (76, 53, [1, 0, 1, 0]) Solution: [76, 53] [1, 0, 1, 0]
18 3.0408072471618652 Robot: (97, 7, [0, 1, 0, 0]) Solution: [97, 7] [0, 1, 0, 0]
40 6.746864557266235 Robot: (17, 10, [0, 1, 0, 1]) Solution: [17, 10] [0, 1, 0, 1]
16 2.6716151237487793 Robot: (28, 29, [1, 0, 0, 0]) Solution: [28, 29] [1, 0, 0, 0]
42 7.080958843231201 Robot: (59, 7, [0, 1, 0, 0]) Solution: [59, 7] [0, 1, 0, 0]
33 5.573930501937866 Robot: (139, 34, [0, 1, 0, 1]) Solution: [139, 34] [0, 1, 0, 1]
22 3.694695234298706 Robot: (34, 3, [0, 0, 0, 0]) Solution: [34, 3] [0, 0, 0, 0]
26 4.389190196990967 Robot: (61, 47, [0, 0, 0, 1]) Solution: [61, 47] [0, 0, 0, 1]
20 3.3541531562805176 Robot: (39, 33, [0, 0, 1, 1]) Solution: [39, 33] [0, 0, 1, 1]
25 4.21341872215271 Robot: (13, 43, [1, 0, 0, 1]) Solution: [13, 43] [1, 0, 0, 1]
39 6.6245317459106445 Robot: (120, 22, [0, 0, 0, 1]) Solution: [120, 22] [0, 0, 0, 1]
34 5.77161717414856 Robot: (87, 41, [0, 0, 1, 1]) Solution: [87, 41] [0, 0, 1, 1]
15 2.5189573764801025 Robot: (84, 6, [1, 0, 1, 0]) Solution: [84, 6] [1, 0, 1, 0]
27 4.550576448440552 Robot: (58, 6, [0, 0, 0, 0]) Solution: [58, 6] [0, 0, 0, 0]
14 2.3612592220306396 Robot: (141, 15, [1, 0, 0, 0]) Solution: [141, 15] [1, 0, 0, 0]
45 7.599808931350708 Robot: (25, 6, [0, 1, 0, 1]) Solution: [25, 6] [0, 1, 0, 1]
56 9.477415561676025 Robot: (109, 53, [0, 0, 1, 0]) Solution: [109, 53] [0, 0, 1, 0]
45 7.595959663391113 Robot: (63, 10, [0, 0, 0, 0]) Solution: [63, 10] [0, 0, 0, 0]
19 3.2097883224487305 Robot: (47, 36, [0, 1, 0, 0]) Solution: [47, 36] [0, 1, 0, 0]
18 3.0436534881591797 Robot: (52, 4, [1, 1, 0, 0]) Solution: [52, 4] [1, 1, 0, 0]
28 4.762564420700073 Robot: (93, 16, [0, 1, 0, 0]) Solution: [93, 16] [0, 1, 0, 0]
57 9.748359203338623 Robot: (150, 53, [1, 0, 1, 0]) Solution: [150, 53] [1, 0, 1, 0]
22 3.7041664123535156 Robot: (48, 34, [0, 0, 1, 1]) Solution: [48, 34] [0, 0, 1, 1]
20 3.3689441680908203 Robot: (80, 17, [1, 0, 0, 0]) Solution: [80, 17] [1, 0, 0, 0]
16 2.6819159984588623 Robot: (31, 39, [0, 1, 0, 1]) Solution: [31, 39] [0, 1, 0, 1]
19 3.2141764163970947 Robot: (88, 5, [0, 0, 0, 0]) Solution: [88, 5] [0, 0, 0, 0]
22 3.715252637863159 Robot: (36, 47, [0, 0, 0, 0]) Solution: [36, 47] [0, 0, 0, 0]
24 4.05658221244812 Robot: (139, 49, [1, 0, 0, 1]) Solution: [139, 49] [1, 0, 0, 1]
16 2.6999974250793457 Robot: (124, 18, [0, 1, 0, 1]) Solution: [124, 18] [0, 1, 0, 1]
27 4.556742906570435 Robot: (136, 35, [0, 0, 0, 0]) Solution: [136, 35] [0, 0, 0, 0]
16 2.6923391819000244 Robot: (71, 19, [0, 0, 1, 0]) Solution: [71, 19] [0, 0, 1, 0]
25 4.2257490158081055 Robot: (81, 5, [1, 0, 0, 1]) Solution: [81, 5] [1, 0, 0, 1]
17 2.8592214584350586 Robot: (11, 4, [0, 0, 0, 1]) Solution: [11, 4] [0, 0, 0, 1]
22 3.7174220085144043 Robot: (104, 46, [0, 1, 0, 1]) Solution: [104, 46] [0, 1, 0, 1]
17 2.8598177433013916 Robot: (58, 47, [1, 0, 1, 0]) Solution: [58, 47] [1, 0, 1, 0]
16 2.693027973175049 Robot: (29, 27, [1, 0, 0, 1]) Solution: [29, 27] [1, 0, 0, 1]
36 6.1111555099487305 Robot: (44, 20, [0, 0, 0, 0]) Solution: [44, 20] [0, 0, 0, 0]
15 2.5238630771636963 Robot: (23, 2, [0, 0, 0, 0]) Solution: [23, 2] [0, 0, 0, 0]
22 3.717271327972412 Robot: (79, 45, [1, 0, 0, 0]) Solution: [79, 45] [1, 0, 0, 0]
69 11.662445068359375 Robot: (110, 5, [0, 0, 1, 0]) Solution: [110, 5] [0, 0, 1, 0]
43 7.2516326904296875 Robot: (137, 3, [1, 0, 0, 1]) Solution: [137, 3] [1, 0, 0, 1]
56 9.500662803649902 Robot: (75, 37, [0, 1, 0, 0]) Solution: [75, 37] [0, 1, 0, 0]
31 5.233254671096802 Robot: (140, 39, [0, 0, 1, 0]) Solution: [140, 39] [0, 0, 1, 0]
22 3.7112326622009277 Robot: (62, 2, [0, 1, 0, 1]) Solution: [62, 2] [0, 1, 0, 1]
26 4.412061929702759 Robot: (32, 38, [0, 0, 1, 0]) Solution: [32, 38] [0, 0, 1, 0]
27 4.5586230754852295 Robot: (58, 22, [0, 0, 0, 1]) Solution: [58, 22] [0, 0, 0, 1]
14 2.3635895252227783 Robot: (35, 24, [0, 1, 0, 1]) Solution: [35, 24] [0, 1, 0, 1]
34 5.761461019515991 Robot: (28, 8, [0, 1, 0, 1]) Solution: [28, 8] [0, 1, 0, 1]
25 4.226119518280029 Robot: (105, 7, [1, 0, 1, 0]) Solution: [105, 7] [1, 0, 1, 0]
25 4.22662091255188 Robot: (49, 31, [0, 1, 0, 1]) Solution: [49, 31] [0, 1, 0, 1]
34 5.761749505996704 Robot: (94, 41, [1, 0, 1, 0]) Solution: [94, 41] [1, 0, 1, 0]
18 3.046186923980713 Robot: (21, 10, [0, 0, 0, 0]) Solution: [21, 10] [0, 0, 0, 0]
21 3.5483028888702393 Robot: (27, 2, [0, 1, 0, 0]) Solution: [27, 2] [0, 1, 0, 0]
22 3.719029188156128 Robot: (140, 22, [1, 1, 0, 0]) Solution: [140, 22] [1, 1, 0, 0]
19 3.2283518314361572 Robot: (9, 25, [0, 0, 0, 0]) Solution: [9, 25] [0, 0, 0, 0]
15 2.5313007831573486 Robot: (84, 43, [0, 0, 1, 0]) Solution: [84, 43] [0, 0, 1, 0]
17 2.8511667251586914 Robot: (31, 52, [0, 1, 0, 0]) Solution: [31, 52] [0, 1, 0, 0]
41 6.954155206680298 Robot: (111, 15, [0, 0, 0, 0]) Solution: [111, 15] [0, 0, 0, 0]
15 2.538581609725952 Robot: (129, 45, [0, 1, 0, 0]) Solution: [129, 45] [0, 1, 0, 0]
12 2.027759552001953 Robot: (111, 1, [1, 0, 0, 0]) Solution: [111, 1] [1, 0, 0, 0]
14 2.3488094806671143 Robot: (13, 17, [0, 0, 0, 1]) Solution: [13, 17] [0, 0, 0, 1]
33 5.5684733390808105 Robot: (141, 33, [0, 0, 1, 0]) Solution: [141, 33] [0, 0, 1, 0]
18 3.031890869140625 Robot: (56, 40, [0, 0, 0, 0]) Solution: [56, 40] [0, 0, 0, 0]
26 4.4016499519348145 Robot: (22, 37, [1, 0, 1, 0]) Solution: [22, 37] [1, 0, 1, 0]
107 18.192464351654053 Robot: (78, 6, [0, 0, 0, 0]) Solution: [78, 6] [0, 0, 0, 0]
24 4.069519996643066 Robot: (15, 13, [1, 1, 0, 0]) Solution: [15, 13] [1, 1, 0, 0]
30 5.088587522506714 Robot: (35, 10, [0, 0, 0, 1]) Solution: [35, 10] [0, 0, 0, 1]
25 4.227702856063843 Robot: (145, 7, [1, 0, 0, 0]) Solution: [145, 7] [1, 0, 0, 0]
11 1.8429419994354248 Robot: (98, 17, [1, 0, 0, 0]) Solution: [98, 17] [1, 0, 0, 0]
21 3.5469346046447754 Robot: (65, 21, [0, 0, 1, 0]) Solution: [65, 21] [0, 0, 1, 0]
28 4.721992492675781 Robot: (97, 39, [1, 0, 0, 0]) Solution: [97, 39] [1, 0, 0, 0]
20 3.3615641593933105 Robot: (114, 27, [1, 0, 1, 0]) Solution: [114, 27] [1, 0, 1, 0]
19 3.179069757461548 Robot: (53, 47, [1, 0, 0, 0]) Solution: [53, 47] [1, 0, 0, 0]
22 3.7050397396087646 Robot: (1, 29, [1, 0, 0, 1]) Solution: [1, 29] [1, 0, 0, 1]
17 2.868581533432007 Robot: (119, 11, [0, 0, 1, 1]) Solution: [119, 11] [0, 0, 1, 1]
17 2.8900063037872314 Robot: (5, 29, [0, 0, 0, 0]) Solution: [5, 29] [0, 0, 0, 0]
26 4.3559393882751465 Robot: (89, 5, [0, 1, 0, 0]) Solution: [89, 5] [0, 1, 0, 0]
18 3.024388074874878 Robot: (52, 15, [1, 0, 0, 0]) Solution: [52, 15] [1, 0, 0, 0]
36 6.063989162445068 Robot: (119, 6, [0, 1, 0, 1]) Solution: [119, 6] [0, 1, 0, 1]
29 4.894562721252441 Robot: (141, 10, [0, 1, 0, 0]) Solution: [141, 10] [0, 1, 0, 0]
18 3.0414464473724365 Robot: (113, 17, [0, 1, 0, 0]) Solution: [113, 17] [0, 1, 0, 0]
13 2.1844475269317627 Robot: (64, 10, [0, 0, 0, 0]) Solution: [64, 10] [0, 0, 0, 0]
44 7.439075708389282 Robot: (19, 35, [0, 1, 1, 1]) Solution: [19, 35] [0, 1, 1, 1]
14 2.3641510009765625 Robot: (135, 27, [0, 1, 0, 0]) Solution: [135, 27] [0, 1, 0, 0]
23 3.8675990104675293 Robot: (7, 48, [0, 0, 0, 1]) Solution: [7, 48] [0, 0, 0, 1]
27 4.578874826431274 Robot: (13, 27, [0, 0, 1, 0]) Solution: [13, 27] [0, 0, 1, 0]
51 8.628599405288696 Robot: (35, 28, [0, 1, 0, 1]) Solution: [35, 28] [0, 1, 0, 1]
45 7.657003879547119 Robot: (113, 47, [0, 0, 1, 1]) Solution: [113, 47] [0, 0, 1, 1]
18 3.0730273723602295 Robot: (65, 43, [1, 1, 0, 0]) Solution: [65, 43] [1, 1, 0, 0]
33 5.605390310287476 Robot: (49, 49, [0, 0, 0, 0]) Solution: [49, 49] [0, 0, 0, 0]
35 5.928615570068359 Robot: (125, 45, [0, 0, 1, 0]) Solution: [125, 45] [0, 0, 1, 0]
31 5.255542993545532 Robot: (97, 53, [1, 0, 1, 0]) Solution: [97, 53] [1, 0, 1, 0]
13 2.196148633956909 Robot: (18, 30, [0, 0, 0, 0]) Solution: [18, 30] [0, 0, 0, 0]
30 5.06951904296875 Robot: (80, 3, [1, 0, 0, 0]) Solution: [80, 3] [1, 0, 0, 0]
43 7.28656530380249 Robot: (123, 43, [1, 0, 0, 0]) Solution: [123, 43] [1, 0, 0, 0]
44 7.4463725090026855 Robot: (11, 27, [0, 0, 1, 0]) Solution: [11, 27] [0, 0, 1, 0]
27 4.5508527755737305 Robot: (70, 31, [0, 0, 1, 0]) Solution: [70, 31] [0, 0, 1, 0]
27 4.56562352180481 Robot: (119, 41, [1, 0, 1, 0]) Solution: [119, 41] [1, 0, 1, 0]
20 3.390913486480713 Robot: (11, 19, [0, 0, 0, 1]) Solution: [11, 19] [0, 0, 0, 1]
36 6.093143463134766 Robot: (61, 5, [0, 0, 0, 0]) Solution: [61, 5] [0, 0, 0, 0]
16 2.7159101963043213 Robot: (103, 40, [0, 1, 0, 1]) Solution: [103, 40] [0, 1, 0, 1]
19 3.2205255031585693 Robot: (123, 35, [1, 0, 0, 0]) Solution: [123, 35] [1, 0, 0, 0]
33 5.58530330657959 Robot: (1, 37, [0, 0, 0, 1]) Solution: [1, 37] [0, 0, 0, 1]
27 4.558333873748779 Robot: (132, 36, [0, 0, 0, 0]) Solution: [132, 36] [0, 0, 0, 0]
38 6.419226884841919 Robot: (119, 35, [0, 1, 1, 0]) Solution: [119, 35] [0, 1, 1, 0]
20 3.3818671703338623 Robot: (144, 36, [1, 0, 0, 0]) Solution: [144, 36] [1, 0, 0, 0]
29 4.917413234710693 Robot: (121, 35, [0, 0, 0, 1]) Solution: [121, 35] [0, 0, 0, 1]
38 6.447263479232788 Robot: (113, 17, [0, 1, 0, 0]) Solution: [113, 17] [0, 1, 0, 0]
26 4.380334138870239 Robot: (120, 12, [0, 0, 0, 1]) Solution: [120, 12] [0, 0, 0, 1]
38 6.428212881088257 Robot: (28, 35, [1, 0, 0, 0]) Solution: [28, 35] [1, 0, 0, 0]
23 3.9017601013183594 Robot: (43, 24, [0, 0, 0, 1]) Solution: [43, 24] [0, 0, 0, 1]
28 4.728849411010742 Robot: (63, 31, [0, 0, 1, 1]) Solution: [63, 31] [0, 0, 1, 1]
14 2.366652488708496 Robot: (150, 30, [0, 0, 1, 0]) Solution: [150, 30] [0, 0, 1, 0]
16 2.6912992000579834 Robot: (65, 19, [1, 0, 0, 1]) Solution: [65, 19] [1, 0, 0, 1]
15 2.5168583393096924 Robot: (115, 47, [1, 1, 0, 0]) Solution: [115, 47] [1, 1, 0, 0]
42 7.1012632846832275 Robot: (121, 44, [0, 0, 0, 1]) Solution: [121, 44] [0, 0, 0, 1]
17 2.876041889190674 Robot: (91, 21, [0, 0, 0, 1]) Solution: [91, 21] [0, 0, 0, 1]
16 2.705780506134033 Robot: (54, 45, [0, 0, 1, 0]) Solution: [54, 45] [0, 0, 1, 0]
16 2.7012569904327393 Robot: (33, 11, [1, 0, 0, 0]) Solution: [33, 11] [1, 0, 0, 0]
20 3.3550539016723633 Robot: (33, 19, [1, 0, 0, 0]) Solution: [33, 19] [1, 0, 0, 0]
22 3.7346298694610596 Robot: (109, 13, [0, 0, 1, 0]) Solution: [109, 13] [0, 0, 1, 0]
31 5.23243260383606 Robot: (115, 30, [0, 1, 0, 1]) Solution: [115, 30] [0, 1, 0, 1]
33 5.579569101333618 Robot: (144, 25, [1, 0, 0, 0]) Solution: [144, 25] [1, 0, 0, 0]
26 4.405635118484497 Robot: (30, 1, [1, 0, 1, 0]) Solution: [30, 1] [1, 0, 1, 0]
39 6.602190971374512 Robot: (153, 33, [0, 1, 0, 0]) Solution: [153, 33] [0, 1, 0, 0]
31 5.26120924949646 Robot: (20, 33, [1, 0, 0, 0]) Solution: [20, 33] [1, 0, 0, 0]
22 3.7189550399780273 Robot: (39, 49, [1, 0, 1, 0]) Solution: [39, 49] [1, 0, 1, 0]
21 3.5335700511932373 Robot: (31, 39, [0, 1, 0, 1]) Solution: [31, 39] [0, 1, 0, 1]
20 3.3837413787841797 Robot: (86, 33, [1, 0, 0, 0]) Solution: [86, 33] [1, 0, 0, 0]
13 2.1913154125213623 Robot: (141, 16, [0, 0, 0, 1]) Solution: [141, 16] [0, 0, 0, 1]
15 2.5215272903442383 Robot: (95, 39, [0, 0, 0, 0]) Solution: [95, 39] [0, 0, 0, 0]
17 2.880988359451294 Robot: (18, 39, [0, 0, 0, 0]) Solution: [18, 39] [0, 0, 0, 0]
16 2.6928060054779053 Robot: (31, 17, [0, 0, 1, 1]) Solution: [31, 17] [0, 0, 1, 1]
14 2.407437562942505 Robot: (75, 38, [0, 0, 0, 1]) Solution: [75, 38] [0, 0, 0, 1]
39 6.625174045562744 Robot: (59, 53, [0, 0, 1, 0]) Solution: [59, 53] [0, 0, 1, 0]
56 9.515416145324707 Robot: (1, 49, [0, 0, 0, 1]) Solution: [1, 49] [0, 0, 0, 1]
19 3.202009916305542 Robot: (33, 7, [0, 0, 0, 1]) Solution: [33, 7] [0, 0, 0, 1]
29 4.946746587753296 Robot: (126, 41, [0, 0, 0, 0]) Solution: [126, 41] [0, 0, 0, 0]
23 3.9080557823181152 Robot: (144, 5, [1, 0, 0, 0]) Solution: [144, 5] [1, 0, 0, 0]
22 3.733112096786499 Robot: (80, 43, [0, 0, 0, 0]) Solution: [80, 43] [0, 0, 0, 0]
25 4.237022638320923 Robot: (21, 45, [1, 0, 0, 0]) Solution: [21, 45] [1, 0, 0, 0]
18 3.1055941581726074 Robot: (96, 48, [0, 0, 1, 0]) Solution: [96, 48] [0, 0, 1, 0]
14 2.347386360168457 Robot: (73, 43, [0, 0, 0, 1]) Solution: [73, 43] [0, 0, 0, 1]
24 4.06782603263855 Robot: (101, 9, [0, 1, 1, 0]) Solution: [101, 9] [0, 1, 1, 0]
20 3.373278856277466 Robot: (16, 47, [0, 0, 1, 0]) Solution: [16, 47] [0, 0, 1, 0]
20 3.362691879272461 Robot: (76, 40, [0, 1, 0, 0]) Solution: [76, 40] [0, 1, 0, 0]
20 3.377274513244629 Robot: (20, 15, [1, 0, 1, 0]) Solution: [20, 15] [1, 0, 1, 0]
17 2.888803005218506 Robot: (122, 46, [0, 0, 0, 1]) Solution: [122, 46] [0, 0, 0, 1]
14 2.3520448207855225 Robot: (59, 20, [0, 1, 0, 1]) Solution: [59, 20] [0, 1, 0, 1]
14 2.357649564743042 Robot: (23, 19, [0, 0, 1, 1]) Solution: [23, 19] [0, 0, 1, 1]
22 3.70509672164917 Robot: (148, 40, [0, 1, 0, 0]) Solution: [148, 40] [0, 1, 0, 0]
21 3.5564446449279785 Robot: (91, 3, [0, 0, 1, 0]) Solution: [91, 3] [0, 0, 1, 0]
19 3.2302911281585693 Robot: (51, 1, [1, 0, 0, 1]) Solution: [51, 1] [1, 0, 0, 1]
22 3.7208619117736816 Robot: (107, 45, [0, 0, 1, 0]) Solution: [107, 45] [0, 0, 1, 0]
13 2.188392400741577 Robot: (67, 34, [0, 0, 0, 1]) Solution: [67, 34] [0, 0, 0, 1]
41 7.078931093215942 Robot: (109, 10, [0, 0, 0, 1]) Solution: [109, 10] [0, 0, 0, 1]
27 4.584183931350708 Robot: (26, 51, [0, 0, 1, 0]) Solution: [26, 51] [0, 0, 1, 0]
13 2.191525459289551 Robot: (24, 10, [0, 0, 1, 0]) Solution: [24, 10] [0, 0, 1, 0]
14 2.369879961013794 Robot: (55, 12, [0, 1, 0, 1]) Solution: [55, 12] [0, 1, 0, 1]
31 5.2526280879974365 Robot: (125, 23, [1, 0, 1, 0]) Solution: [125, 23] [1, 0, 1, 0]
20 3.382092237472534 Robot: (60, 3, [0, 0, 0, 0]) Solution: [60, 3] [0, 0, 0, 0]
17 2.858700752258301 Robot: (48, 13, [0, 0, 1, 0]) Solution: [48, 13] [0, 0, 1, 0]
30 5.069531202316284 Robot: (11, 17, [0, 1, 0, 0]) Solution: [11, 17] [0, 1, 0, 0]
24 4.0596232414245605 Robot: (11, 19, [0, 0, 0, 1]) Solution: [11, 19] [0, 0, 0, 1]
24 4.046769618988037 Robot: (75, 28, [0, 1, 0, 1]) Solution: [75, 28] [0, 1, 0, 1]
16 2.6690022945404053 Robot: (39, 23, [1, 0, 0, 1]) Solution: [39, 23] [1, 0, 0, 1]
31 5.244649410247803 Robot: (96, 17, [1, 0, 1, 0]) Solution: [96, 17] [1, 0, 1, 0]
18 3.020317316055298 Robot: (9, 50, [0, 1, 0, 0]) Solution: [9, 50] [0, 1, 0, 0]
53 8.954175472259521 Robot: (147, 53, [1, 0, 1, 1]) Solution: [147, 53] [1, 0, 1, 1]
19 3.214972734451294 Robot: (86, 34, [0, 0, 1, 0]) Solution: [86, 34] [0, 0, 1, 0]
12 2.0203049182891846 Robot: (9, 20, [0, 0, 0, 0]) Solution: [9, 20] [0, 0, 0, 0]
18 3.029069662094116 Robot: (117, 39, [1, 0, 0, 0]) Solution: [117, 39] [1, 0, 0, 0]
18 3.033691883087158 Robot: (129, 21, [1, 1, 0, 0]) Solution: [129, 21] [1, 1, 0, 0]
48 8.14385986328125 Robot: (35, 5, [1, 0, 0, 1]) Solution: [35, 5] [1, 0, 0, 1]
36 6.095215559005737 Robot: (151, 22, [0, 1, 0, 0]) Solution: [151, 22] [0, 1, 0, 0]
19 3.206615686416626 Robot: (95, 29, [1, 0, 0, 1]) Solution: [95, 29] [1, 0, 0, 1]
29 4.910660743713379 Robot: (93, 41, [0, 0, 0, 1]) Solution: [93, 41] [0, 0, 0, 1]
15 2.5588014125823975 Robot: (82, 41, [0, 0, 1, 0]) Solution: [82, 41] [0, 0, 1, 0]
13 2.203270196914673 Robot: (44, 31, [1, 0, 1, 0]) Solution: [44, 31] [1, 0, 1, 0]
33 5.597122430801392 Robot: (32, 10, [0, 1, 0, 1]) Solution: [32, 10] [0, 1, 0, 1]
17 2.8563525676727295 Robot: (6, 15, [1, 0, 1, 0]) Solution: [6, 15] [1, 0, 1, 0]
55 9.350600957870483 Robot: (8, 51, [0, 0, 1, 0]) Solution: [8, 51] [0, 0, 1, 0]
14 2.3581974506378174 Robot: (136, 37, [0, 0, 0, 0]) Solution: [136, 37] [0, 0, 0, 0]
30 5.104133367538452 Robot: (103, 23, [0, 0, 0, 1]) Solution: [103, 23] [0, 0, 0, 1]
29 4.908437252044678 Robot: (117, 31, [1, 0, 0, 0]) Solution: [117, 31] [1, 0, 0, 0]
30 5.084794282913208 Robot: (25, 7, [0, 0, 1, 1]) Solution: [25, 7] [0, 0, 1, 1]
44 7.449257850646973 Robot: (1, 53, [1, 0, 1, 1]) Solution: [1, 53] [1, 0, 1, 1]
42 7.125370025634766 Robot: (77, 34, [0, 1, 0, 0]) Solution: [77, 34] [0, 1, 0, 0]
26 4.398260593414307 Robot: (141, 51, [0, 1, 0, 0]) Solution: [141, 51] [0, 1, 0, 0]
13 2.217557668685913 Robot: (97, 41, [0, 1, 0, 1]) Solution: [97, 41] [0, 1, 0, 1]
24 4.051166772842407 Robot: (99, 17, [1, 1, 0, 0]) Solution: [99, 17] [1, 1, 0, 0]
21 3.543018341064453 Robot: (92, 23, [1, 0, 1, 0]) Solution: [92, 23] [1, 0, 1, 0]
30 5.079638242721558 Robot: (141, 21, [0, 0, 1, 1]) Solution: [141, 21] [0, 0, 1, 1]
19 3.2135231494903564 Robot: (8, 20, [1, 0, 0, 0]) Solution: [8, 20] [1, 0, 0, 0]
22 3.7070155143737793 Robot: (47, 43, [1, 0, 0, 1]) Solution: [47, 43] [1, 0, 0, 1]
17 2.8669581413269043 Robot: (90, 19, [1, 0, 0, 0]) Solution: [90, 19] [1, 0, 0, 0]
12 2.004958152770996 Robot: (109, 47, [0, 0, 1, 1]) Solution: [109, 47] [0, 0, 1, 1]
18 3.0355989933013916 Robot: (5, 27, [1, 1, 0, 0]) Solution: [5, 27] [1, 1, 0, 0]
19 3.210421085357666 Robot: (119, 35, [0, 1, 1, 0]) Solution: [119, 35] [0, 1, 1, 0]
22 3.7068471908569336 Robot: (124, 5, [1, 0, 1, 0]) Solution: [124, 5] [1, 0, 1, 0]
19 3.1883373260498047 Robot: (51, 8, [0, 1, 0, 0]) Solution: [51, 8] [0, 1, 0, 0]
20 3.3685710430145264 Robot: (76, 6, [0, 0, 0, 1]) Solution: [76, 6] [0, 0, 0, 1]
21 3.5217950344085693 Robot: (53, 12, [0, 1, 0, 0]) Solution: [53, 12] [0, 1, 0, 0]
14 2.3411478996276855 Robot: (33, 40, [0, 0, 0, 1]) Solution: [33, 40] [0, 0, 0, 1]
27 4.549666166305542 Robot: (141, 50, [0, 1, 0, 0]) Solution: [141, 50] [0, 1, 0, 0]
48 8.10572338104248 Robot: (38, 32, [0, 0, 1, 1]) Solution: [38, 32] [0, 0, 1, 1]
33 5.575592041015625 Robot: (121, 51, [0, 0, 1, 0]) Solution: [121, 51] [0, 0, 1, 0]
41 6.952348709106445 Robot: (127, 6, [0, 1, 0, 1]) Solution: [127, 6] [0, 1, 0, 1]
31 5.236798286437988 Robot: (64, 52, [1, 0, 1, 0]) Solution: [64, 52] [1, 0, 1, 0]
16 2.697594404220581 Robot: (104, 8, [0, 1, 0, 0]) Solution: [104, 8] [0, 1, 0, 0]
17 2.8639445304870605 Robot: (10, 9, [0, 0, 1, 0]) Solution: [10, 9] [0, 0, 1, 0]
14 2.361903190612793 Robot: (28, 53, [1, 0, 1, 0]) Solution: [28, 53] [1, 0, 1, 0]
20 3.3750269412994385 Robot: (65, 15, [0, 0, 1, 0]) Solution: [65, 15] [0, 0, 1, 0]
14 2.3638694286346436 Robot: (49, 20, [0, 0, 0, 0]) Solution: [49, 20] [0, 0, 0, 0]
55 9.358467102050781 Robot: (20, 50, [0, 1, 1, 1]) Solution: [20, 50] [0, 1, 1, 1]
16 2.7092819213867188 Robot: (9, 36, [0, 0, 0, 1]) Solution: [9, 36] [0, 0, 0, 1]
22 3.715111017227173 Robot: (5, 47, [1, 0, 0, 1]) Solution: [5, 47] [1, 0, 0, 1]
48 8.159840106964111 Robot: (148, 49, [1, 0, 0, 0]) Solution: [148, 49] [1, 0, 0, 0]
17 2.866997718811035 Robot: (129, 18, [0, 1, 0, 0]) Solution: [129, 18] [0, 1, 0, 0]
25 4.211385250091553 Robot: (107, 43, [0, 1, 0, 1]) Solution: [107, 43] [0, 1, 0, 1]
31 5.277568101882935 Robot: (77, 43, [0, 0, 0, 1]) Solution: [77, 43] [0, 0, 0, 1]
12 2.0151188373565674 Robot: (144, 10, [0, 1, 0, 0]) Solution: [144, 10] [0, 1, 0, 0]
36 6.1085968017578125 Robot: (51, 45, [0, 0, 0, 0]) Solution: [51, 45] [0, 0, 0, 0]
15 2.510241985321045 Robot: (65, 48, [0, 1, 0, 0]) Solution: [65, 48] [0, 1, 0, 0]
43 7.312716245651245 Robot: (39, 25, [0, 0, 0, 0]) Solution: [39, 25] [0, 0, 0, 0]
29 4.908611536026001 Robot: (107, 14, [0, 1, 0, 1]) Solution: [107, 14] [0, 1, 0, 1]
22 3.718324899673462 Robot: (110, 30, [0, 0, 0, 0]) Solution: [110, 30] [0, 0, 0, 0]
25 4.246433973312378 Robot: (109, 49, [1, 0, 1, 0]) Solution: [109, 49] [1, 0, 1, 0]
20 3.3607113361358643 Robot: (27, 49, [1, 1, 0, 0]) Solution: [27, 49] [1, 1, 0, 0]
34 5.745208978652954 Robot: (82, 16, [0, 1, 0, 1]) Solution: [82, 16] [0, 1, 0, 1]
30 5.101291656494141 Robot: (119, 9, [1, 0, 0, 1]) Solution: [119, 9] [1, 0, 0, 1]
34 5.753082275390625 Robot: (63, 5, [0, 0, 1, 0]) Solution: [63, 5] [0, 0, 1, 0]
13 2.2007603645324707 Robot: (117, 15, [1, 0, 0, 0]) Solution: [117, 15] [1, 0, 0, 0]
12 2.0336809158325195 Robot: (104, 43, [1, 0, 0, 0]) Solution: [104, 43] [1, 0, 0, 0]
26 4.425827264785767 Robot: (73, 1, [1, 0, 0, 1]) Solution: [73, 1] [1, 0, 0, 1]
19 3.2155323028564453 Robot: (132, 4, [0, 0, 0, 1]) Solution: [132, 4] [0, 0, 0, 1]
45 7.6455700397491455 Robot: (103, 34, [0, 1, 0, 1]) Solution: [103, 34] [0, 1, 0, 1]
40 6.7730348110198975 Robot: (74, 48, [0, 1, 1, 0]) Solution: [74, 48] [0, 1, 1, 0]
17 2.8717942237854004 Robot: (116, 15, [1, 0, 1, 0]) Solution: [116, 15] [1, 0, 1, 0]
13 2.1986982822418213 Robot: (89, 16, [0, 1, 0, 0]) Solution: [89, 16] [0, 1, 0, 0]
14 2.3531429767608643 Robot: (62, 13, [1, 0, 1, 0]) Solution: [62, 13] [1, 0, 1, 0]
29 4.918960332870483 Robot: (15, 51, [1, 0, 1, 0]) Solution: [15, 51] [1, 0, 1, 0]
20 3.3662374019622803 Robot: (10, 33, [0, 0, 0, 0]) Solution: [10, 33] [0, 0, 0, 0]
20 3.3715603351593018 Robot: (58, 53, [0, 0, 1, 0]) Solution: [58, 53] [0, 0, 1, 0]
19 3.204794406890869 Robot: (54, 13, [1, 0, 1, 0]) Solution: [54, 13] [1, 0, 1, 0]
20 3.3976023197174072 Robot: (13, 32, [0, 1, 0, 1]) Solution: [13, 32] [0, 1, 0, 1]
17 2.8771300315856934 Robot: (66, 23, [1, 0, 1, 0]) Solution: [66, 23] [1, 0, 1, 0]
30 5.113196849822998 Robot: (123, 10, [0, 1, 0, 1]) Solution: [123, 10] [0, 1, 0, 1]
28 4.73362922668457 Robot: (1, 29, [1, 0, 0, 1]) Solution: [1, 29] [1, 0, 0, 1]
20 3.3868253231048584 Robot: (71, 31, [0, 1, 0, 0]) Solution: [71, 31] [0, 1, 0, 0]
46 7.7875730991363525 Robot: (20, 19, [1, 0, 0, 0]) Solution: [20, 19] [1, 0, 0, 0]
53 8.99813985824585 Robot: (75, 23, [0, 0, 0, 0]) Solution: [75, 23] [0, 0, 0, 0]
30 5.096177339553833 Robot: (101, 16, [0, 0, 0, 1]) Solution: [101, 16] [0, 0, 0, 1]
29 4.9390037059783936 Robot: (110, 17, [1, 0, 1, 0]) Solution: [110, 17] [1, 0, 1, 0]
33 5.595674276351929 Robot: (35, 32, [0, 1, 0, 0]) Solution: [35, 32] [0, 1, 0, 0]
23 3.8940060138702393 Robot: (103, 19, [1, 1, 1, 0]) Solution: [103, 19] [1, 1, 1, 0]
90 15.259855508804321 Robot: (148, 26, [0, 1, 0, 1]) Solution: [148, 26] [0, 1, 0, 1]
17 2.8743953704833984 Robot: (133, 23, [0, 1, 1, 0]) Solution: [133, 23] [0, 1, 1, 0]
27 4.570634126663208 Robot: (27, 15, [0, 1, 1, 0]) Solution: [27, 15] [0, 1, 1, 0]
42 7.132628440856934 Robot: (47, 25, [0, 0, 0, 1]) Solution: [47, 25] [0, 0, 0, 1]
32 5.426929235458374 Robot: (109, 11, [0, 0, 0, 0]) Solution: [109, 11] [0, 0, 0, 0]
27 4.570917844772339 Robot: (8, 48, [0, 1, 0, 0]) Solution: [8, 48] [0, 1, 0, 0]
26 4.391095876693726 Robot: (62, 10, [0, 0, 1, 0]) Solution: [62, 10] [0, 0, 1, 0]
14 2.3616724014282227 Robot: (88, 27, [0, 0, 0, 0]) Solution: [88, 27] [0, 0, 0, 0]
13 2.2069785594940186 Robot: (104, 48, [0, 0, 1, 0]) Solution: [104, 48] [0, 0, 1, 0]
18 3.055445671081543 Robot: (112, 7, [1, 0, 1, 0]) Solution: [112, 7] [1, 0, 1, 0]
22 3.7166101932525635 Robot: (96, 45, [1, 0, 1, 0]) Solution: [96, 45] [1, 0, 1, 0]
30 5.0808024406433105 Robot: (111, 10, [0, 1, 0, 0]) Solution: [111, 10] [0, 1, 0, 0]
16 2.681495428085327 Robot: (151, 49, [1, 0, 1, 0]) Solution: [151, 49] [1, 0, 1, 0]
26 4.3976640701293945 Robot: (113, 27, [0, 0, 0, 0]) Solution: [113, 27] [0, 0, 0, 0]
22 3.702744722366333 Robot: (81, 53, [0, 1, 1, 0]) Solution: [81, 53] [0, 1, 1, 0]
24 4.0593860149383545 Robot: (91, 21, [0, 0, 0, 1]) Solution: [91, 21] [0, 0, 0, 1]
12 2.029244899749756 Robot: (124, 31, [0, 0, 1, 0]) Solution: [124, 31] [0, 0, 1, 0]
21 3.5486254692077637 Robot: (145, 9, [0, 1, 1, 0]) Solution: [145, 9] [0, 1, 1, 0]
25 4.22918176651001 Robot: (66, 3, [1, 0, 1, 0]) Solution: [66, 3] [1, 0, 1, 0]
16 2.713404655456543 Robot: (10, 13, [1, 0, 1, 0]) Solution: [10, 13] [1, 0, 1, 0]
21 3.5682716369628906 Robot: (104, 44, [0, 0, 0, 0]) Solution: [104, 44] [0, 0, 0, 0]
24 4.077941417694092 Robot: (64, 47, [1, 0, 0, 0]) Solution: [64, 47] [1, 0, 0, 0]
20 3.386709690093994 Robot: (49, 39, [0, 0, 0, 1]) Solution: [49, 39] [0, 0, 0, 1]
23 3.911823034286499 Robot: (26, 21, [0, 0, 0, 0]) Solution: [26, 21] [0, 0, 0, 0]
17 2.8901026248931885 Robot: (47, 23, [1, 1, 0, 0]) Solution: [47, 23] [1, 1, 0, 0]
38 6.427962779998779 Robot: (87, 3, [0, 0, 0, 0]) Solution: [87, 3] [0, 0, 0, 0]
39 6.6361753940582275 Robot: (3, 49, [0, 0, 1, 0]) Solution: [3, 49] [0, 0, 1, 0]
16 2.726348638534546 Robot: (80, 44, [0, 1, 0, 1]) Solution: [80, 44] [0, 1, 0, 1]
24 4.0725767612457275 Robot: (27, 18, [0, 1, 0, 1]) Solution: [27, 18] [0, 1, 0, 1]
16 2.710576295852661 Robot: (67, 42, [0, 1, 0, 0]) Solution: [67, 42] [0, 1, 0, 0]
21 3.574036121368408 Robot: (119, 46, [0, 1, 0, 1]) Solution: [119, 46] [0, 1, 0, 1]
10 1.6981561183929443 Robot: (103, 27, [0, 0, 1, 1]) Solution: [103, 27] [0, 0, 1, 1]
30 5.067853689193726 Robot: (39, 32, [0, 1, 0, 0]) Solution: [39, 32] [0, 1, 0, 0]
28 4.741274356842041 Robot: (60, 15, [0, 0, 1, 0]) Solution: [60, 15] [0, 0, 1, 0]
29 5.001862287521362 Robot: (15, 17, [0, 0, 0, 0]) Solution: [15, 17] [0, 0, 0, 0]
15 2.5394222736358643 Robot: (70, 41, [1, 0, 1, 0]) Solution: [70, 41] [1, 0, 1, 0]
36 6.087204694747925 Robot: (49, 49, [0, 0, 0, 0]) Solution: [49, 49] [0, 0, 0, 0]
33 5.609222888946533 Robot: (32, 47, [1, 0, 0, 0]) Solution: [32, 47] [1, 0, 0, 0]
19 3.2040960788726807 Robot: (87, 27, [1, 0, 0, 1]) Solution: [87, 27] [1, 0, 0, 1]
14 2.3618037700653076 Robot: (144, 23, [1, 0, 1, 0]) Solution: [144, 23] [1, 0, 1, 0]
38 6.788789987564087 Robot: (33, 19, [1, 0, 0, 0]) Solution: [33, 19] [1, 0, 0, 0]
17 2.8571979999542236 Robot: (72, 53, [0, 0, 1, 0]) Solution: [72, 53] [0, 0, 1, 0]
20 3.3891255855560303 Robot: (69, 27, [0, 0, 0, 1]) Solution: [69, 27] [0, 0, 0, 1]
21 3.564802408218384 Robot: (125, 2, [0, 0, 0, 1]) Solution: [125, 2] [0, 0, 0, 1]
29 4.923540830612183 Robot: (85, 10, [0, 0, 0, 1]) Solution: [85, 10] [0, 0, 0, 1]
21 3.55769681930542 Robot: (19, 9, [0, 0, 1, 1]) Solution: [19, 9] [0, 0, 1, 1]
20 3.392974853515625 Robot: (133, 48, [0, 1, 0, 1]) Solution: [133, 48] [0, 1, 0, 1]
33 5.556970834732056 Robot: (23, 27, [0, 0, 0, 0]) Solution: [23, 27] [0, 0, 0, 0]
15 2.525392532348633 Robot: (119, 14, [0, 0, 0, 0]) Solution: [119, 14] [0, 0, 0, 0]
37 6.254718542098999 Robot: (107, 47, [1, 1, 0, 0]) Solution: [107, 47] [1, 1, 0, 0]
30 5.0745508670806885 Robot: (24, 45, [1, 0, 1, 0]) Solution: [24, 45] [1, 0, 1, 0]
34 5.794300079345703 Robot: (27, 39, [1, 1, 0, 0]) Solution: [27, 39] [1, 1, 0, 0]
37 6.277360916137695 Robot: (94, 6, [0, 1, 0, 1]) Solution: [94, 6] [0, 1, 0, 1]
20 3.405785083770752 Robot: (2, 28, [0, 1, 0, 1]) Solution: [2, 28] [0, 1, 0, 1]
22 3.725214958190918 Robot: (76, 39, [0, 0, 0, 0]) Solution: [76, 39] [0, 0, 0, 0]
30 5.08201003074646 Robot: (9, 3, [0, 0, 0, 1]) Solution: [9, 3] [0, 0, 0, 1]
21 3.5567433834075928 Robot: (57, 26, [0, 0, 0, 1]) Solution: [57, 26] [0, 0, 0, 1]
21 3.5535881519317627 Robot: (151, 45, [1, 0, 0, 1]) Solution: [151, 45] [1, 0, 0, 1]
13 2.1955337524414062 Robot: (41, 34, [0, 1, 0, 1]) Solution: [41, 34] [0, 1, 0, 1]
21 3.548027515411377 Robot: (67, 23, [1, 1, 0, 0]) Solution: [67, 23] [1, 1, 0, 0]
30 5.086845397949219 Robot: (105, 51, [0, 0, 1, 0]) Solution: [105, 51] [0, 0, 1, 0]
20 3.378048896789551 Robot: (51, 23, [1, 0, 0, 1]) Solution: [51, 23] [1, 0, 0, 1]
15 2.5164830684661865 Robot: (31, 37, [0, 0, 0, 0]) Solution: [31, 37] [0, 0, 0, 0]
19 3.2122037410736084 Robot: (56, 46, [0, 0, 1, 0]) Solution: [56, 46] [0, 0, 1, 0]
51 8.66948914527893 Robot: (76, 53, [1, 0, 1, 0]) Solution: [76, 53] [1, 0, 1, 0]
16 2.69960880279541 Robot: (133, 20, [0, 0, 0, 0]) Solution: [133, 20] [0, 0, 0, 0]
30 5.0800652503967285 Robot: (42, 8, [0, 1, 1, 0]) Solution: [42, 8] [0, 1, 1, 0]
14 2.3531405925750732 Robot: (98, 23, [1, 0, 0, 0]) Solution: [98, 23] [1, 0, 0, 0]
47 7.9654412269592285 Robot: (1, 41, [0, 0, 0, 1]) Solution: [1, 41] [0, 0, 0, 1]
24 4.055329322814941 Robot: (23, 29, [0, 0, 1, 0]) Solution: [23, 29] [0, 0, 1, 0]
16 2.677435874938965 Robot: (120, 29, [0, 0, 1, 0]) Solution: [120, 29] [0, 0, 1, 0]
21 3.5546343326568604 Robot: (131, 36, [0, 0, 0, 1]) Solution: [131, 36] [0, 0, 0, 1]
24 4.0570056438446045 Robot: (33, 51, [0, 0, 0, 0]) Solution: [33, 51] [0, 0, 0, 0]
27 4.580545663833618 Robot: (117, 3, [0, 1, 0, 0]) Solution: [117, 3] [0, 1, 0, 0]
21 3.537935256958008 Robot: (136, 30, [1, 1, 0, 0]) Solution: [136, 30] [1, 1, 0, 0]
28 4.742601156234741 Robot: (85, 46, [0, 1, 0, 1]) Solution: [85, 46] [0, 1, 0, 1]
18 3.040611743927002 Robot: (133, 39, [1, 0, 0, 0]) Solution: [133, 39] [1, 0, 0, 0]
16 2.702580451965332 Robot: (11, 30, [0, 1, 0, 1]) Solution: [11, 30] [0, 1, 0, 1]
13 2.1678426265716553 Robot: (113, 45, [1, 0, 0, 0]) Solution: [113, 45] [1, 0, 0, 0]
14 2.3653640747070312 Robot: (24, 2, [0, 0, 0, 0]) Solution: [24, 2] [0, 0, 0, 0]
22 3.7393877506256104 Robot: (147, 37, [1, 0, 0, 0]) Solution: [147, 37] [1, 0, 0, 0]
28 4.727324962615967 Robot: (82, 48, [0, 0, 1, 0]) Solution: [82, 48] [0, 0, 1, 0]
16 2.7044870853424072 Robot: (131, 45, [0, 1, 0, 1]) Solution: [131, 45] [0, 1, 0, 1]
17 2.8539927005767822 Robot: (23, 39, [0, 0, 1, 0]) Solution: [23, 39] [0, 0, 1, 0]
39 6.635946750640869 Robot: (99, 19, [0, 0, 0, 0]) Solution: [99, 19] [0, 0, 0, 0]
39 6.6195032596588135 Robot: (20, 17, [1, 0, 1, 0]) Solution: [20, 17] [1, 0, 1, 0]
46 7.87465763092041 Robot: (149, 32, [0, 1, 0, 0]) Solution: [149, 32] [0, 1, 0, 0]
26 4.407177925109863 Robot: (19, 33, [1, 0, 0, 0]) Solution: [19, 33] [1, 0, 0, 0]
28 7.013474702835083 Robot: (29, 50, [0, 0, 0, 0]) Solution: [29, 50] [0, 0, 0, 0]
27 4.734180450439453 Robot: (38, 47, [1, 0, 1, 0]) Solution: [38, 47] [1, 0, 1, 0]
20 3.5838632583618164 Robot: (13, 31, [0, 0, 0, 1]) Solution: [13, 31] [0, 0, 0, 1]
19 3.3029911518096924 Robot: (109, 22, [0, 0, 0, 0]) Solution: [109, 22] [0, 0, 0, 0]
61 10.956549644470215 Robot: (61, 9, [1, 0, 0, 1]) Solution: [61, 9] [1, 0, 0, 1]
14 2.362114429473877 Robot: (135, 30, [0, 0, 0, 0]) Solution: [135, 30] [0, 0, 0, 0]
17 2.945718288421631 Robot: (98, 11, [1, 0, 1, 0]) Solution: [98, 11] [1, 0, 1, 0]
48 8.32339358329773 Robot: (35, 11, [0, 0, 0, 0]) Solution: [35, 11] [0, 0, 0, 0]
15 2.5613467693328857 Robot: (146, 33, [1, 0, 0, 0]) Solution: [146, 33] [1, 0, 0, 0]
21 3.5711658000946045 Robot: (23, 19, [0, 0, 1, 1]) Solution: [23, 19] [0, 0, 1, 1]
21 3.556140422821045 Robot: (118, 29, [0, 0, 1, 0]) Solution: [118, 29] [0, 0, 1, 0]
17 2.883240222930908 Robot: (31, 19, [1, 0, 0, 1]) Solution: [31, 19] [1, 0, 0, 1]
15 2.5832788944244385 Robot: (7, 42, [0, 1, 0, 1]) Solution: [7, 42] [0, 1, 0, 1]
21 6.424715042114258 Robot: (17, 15, [0, 0, 1, 0]) Solution: [17, 15] [0, 0, 1, 0]
14 5.078722715377808 Robot: (8, 41, [1, 0, 1, 0]) Solution: [8, 41] [1, 0, 1, 0]
21 6.177360773086548 Robot: (64, 9, [1, 0, 0, 0]) Solution: [64, 9] [1, 0, 0, 0]
24 5.888942241668701 Robot: (18, 23, [1, 0, 0, 0]) Solution: [18, 23] [1, 0, 0, 0]
42 13.968448400497437 Robot: (55, 19, [1, 0, 0, 0]) Solution: [55, 19] [1, 0, 0, 0]
16 2.8459362983703613 Robot: (27, 3, [0, 0, 0, 1]) Solution: [27, 3] [0, 0, 0, 1]
24 4.278814315795898 Robot: (143, 19, [0, 0, 0, 0]) Solution: [143, 19] [0, 0, 0, 0]
32 6.057204961776733 Robot: (85, 47, [0, 1, 0, 0]) Solution: [85, 47] [0, 1, 0, 0]
14 2.7346160411834717 Robot: (114, 47, [0, 0, 1, 0]) Solution: [114, 47] [0, 0, 1, 0]
14 2.911524534225464 Robot: (121, 15, [1, 1, 0, 0]) Solution: [121, 15] [1, 1, 0, 0]
18 3.96549654006958 Robot: (9, 26, [0, 1, 0, 1]) Solution: [9, 26] [0, 1, 0, 1]
15 3.3871071338653564 Robot: (111, 19, [1, 1, 0, 0]) Solution: [111, 19] [1, 1, 0, 0]
25 4.847216606140137 Robot: (145, 41, [1, 0, 0, 1]) Solution: [145, 41] [1, 0, 0, 1]
36 7.010426044464111 Robot: (29, 31, [1, 0, 0, 0]) Solution: [29, 31] [1, 0, 0, 0]
18 3.1786067485809326 Robot: (93, 44, [0, 0, 0, 1]) Solution: [93, 44] [0, 0, 0, 1]
65 11.748835563659668 Robot: (121, 39, [1, 0, 1, 1]) Solution: [121, 39] [1, 0, 1, 1]
32 5.825589895248413 Robot: (111, 40, [0, 0, 0, 1]) Solution: [111, 40] [0, 0, 0, 1]
15 2.69149112701416 Robot: (82, 27, [0, 0, 0, 0]) Solution: [82, 27] [0, 0, 0, 0]
33 7.2771830558776855 Robot: (7, 9, [1, 0, 0, 1]) Solution: [7, 9] [1, 0, 0, 1]
24 4.939948320388794 Robot: (53, 53, [0, 0, 1, 1]) Solution: [53, 53] [0, 0, 1, 1]
33 7.478104114532471 Robot: (63, 37, [1, 0, 1, 0]) Solution: [63, 37] [1, 0, 1, 0]
39 7.985127925872803 Robot: (49, 27, [0, 0, 1, 0]) Solution: [49, 27] [0, 0, 1, 0]
19 4.121299505233765 Robot: (82, 16, [0, 1, 0, 1]) Solution: [82, 16] [0, 1, 0, 1]
15 3.143021821975708 Robot: (61, 53, [0, 0, 1, 0]) Solution: [61, 53] [0, 0, 1, 0]
44 8.244181394577026 Robot: (27, 14, [0, 1, 0, 1]) Solution: [27, 14] [0, 1, 0, 1]
14 2.4436283111572266 Robot: (9, 40, [0, 0, 0, 1]) Solution: [9, 40] [0, 0, 0, 1]
19 3.929641008377075 Robot: (49, 6, [0, 0, 0, 1]) Solution: [49, 6] [0, 0, 0, 1]
22 4.092546701431274 Robot: (109, 36, [0, 1, 0, 0]) Solution: [109, 36] [0, 1, 0, 0]
35 6.9624669551849365 Robot: (101, 14, [0, 1, 0, 1]) Solution: [101, 14] [0, 1, 0, 1]
56 11.255377054214478 Robot: (115, 37, [0, 0, 0, 0]) Solution: [115, 37] [0, 0, 0, 0]
20 4.075990915298462 Robot: (98, 38, [1, 1, 0, 1]) Solution: [98, 38] [1, 1, 0, 1]
43 8.291450500488281 Robot: (16, 42, [0, 1, 0, 0]) Solution: [16, 42] [0, 1, 0, 0]
34 7.3525049686431885 Robot: (3, 29, [1, 0, 0, 0]) Solution: [3, 29] [1, 0, 0, 0]
24 5.002185821533203 Robot: (107, 41, [0, 1, 0, 0]) Solution: [107, 41] [0, 1, 0, 0]
22 3.999354124069214 Robot: (115, 38, [0, 1, 0, 1]) Solution: [115, 38] [0, 1, 0, 1]
39 7.716422080993652 Robot: (13, 23, [1, 0, 1, 0]) Solution: [13, 23] [1, 0, 1, 0]
31 9.145286321640015 Robot: (143, 45, [0, 0, 1, 1]) Solution: [143, 45] [0, 0, 1, 1]
15 2.849942207336426 Robot: (145, 15, [1, 0, 0, 0]) Solution: [145, 15] [1, 0, 0, 0]
42 9.01111388206482 Robot: (41, 10, [0, 1, 0, 1]) Solution: [41, 10] [0, 1, 0, 1]
10 2.0071630477905273 Robot: (61, 24, [0, 1, 0, 1]) Solution: [61, 24] [0, 1, 0, 1]
18 4.334738731384277 Robot: (11, 39, [0, 0, 1, 0]) Solution: [11, 39] [0, 0, 1, 0]
19 6.10337495803833 Robot: (65, 21, [0, 0, 1, 0]) Solution: [65, 21] [0, 0, 1, 0]
31 6.874547481536865 Robot: (122, 39, [1, 0, 1, 0]) Solution: [122, 39] [1, 0, 1, 0]
30 10.223369121551514 Robot: (11, 17, [0, 1, 0, 0]) Solution: [11, 17] [0, 1, 0, 0]
14 4.695658445358276 Robot: (63, 20, [0, 1, 0, 1]) Solution: [63, 20] [0, 1, 0, 1]
15 3.834233522415161 Robot: (16, 41, [1, 0, 0, 0]) Solution: [16, 41] [1, 0, 0, 0]
18 3.7123665809631348 Robot: (127, 18, [0, 0, 0, 0]) Solution: [127, 18] [0, 0, 0, 0]
15 2.9139270782470703 Robot: (83, 24, [0, 1, 0, 0]) Solution: [83, 24] [0, 1, 0, 0]
40 9.68362808227539 Robot: (153, 11, [0, 1, 0, 0]) Solution: [153, 11] [0, 1, 0, 0]
18 4.414034128189087 Robot: (84, 53, [0, 0, 1, 0]) Solution: [84, 53] [0, 0, 1, 0]
28 5.124608039855957 Robot: (139, 11, [0, 0, 1, 0]) Solution: [139, 11] [0, 0, 1, 0]
15 2.9684720039367676 Robot: (71, 51, [1, 1, 0, 0]) Solution: [71, 51] [1, 1, 0, 0]
53 11.185328960418701 Robot: (77, 29, [0, 0, 0, 0]) Solution: [77, 29] [0, 0, 0, 0]
14 3.162973165512085 Robot: (114, 10, [0, 0, 1, 0]) Solution: [114, 10] [0, 0, 1, 0]
34 6.46919322013855 Robot: (66, 21, [0, 0, 1, 0]) Solution: [66, 21] [0, 0, 1, 0]
19 3.9979047775268555 Robot: (75, 15, [0, 0, 0, 0]) Solution: [75, 15] [0, 0, 0, 0]
20 4.660696983337402 Robot: (107, 22, [0, 0, 0, 0]) Solution: [107, 22] [0, 0, 0, 0]
22 4.717641115188599 Robot: (13, 16, [0, 1, 0, 0]) Solution: [13, 16] [0, 1, 0, 0]
22 4.430699348449707 Robot: (85, 4, [0, 1, 0, 1]) Solution: [85, 4] [0, 1, 0, 1]
31 6.11789083480835 Robot: (26, 21, [0, 0, 0, 0]) Solution: [26, 21] [0, 0, 0, 0]
27 5.980880975723267 Robot: (145, 37, [0, 0, 0, 0]) Solution: [145, 37] [0, 0, 0, 0]
16 3.4697272777557373 Robot: (80, 27, [1, 0, 1, 0]) Solution: [80, 27] [1, 0, 1, 0]
29 7.729557037353516 Robot: (63, 49, [0, 0, 0, 1]) Solution: [63, 49] [0, 0, 0, 1]
18 4.900289058685303 Robot: (130, 32, [0, 0, 1, 0]) Solution: [130, 32] [0, 0, 1, 0]
20 3.7743122577667236 Robot: (48, 30, [0, 0, 1, 1]) Solution: [48, 30] [0, 0, 1, 1]
14 2.8110897541046143 Robot: (113, 47, [0, 0, 1, 1]) Solution: [113, 47] [0, 0, 1, 1]
13 2.347191095352173 Robot: (133, 16, [0, 1, 0, 1]) Solution: [133, 16] [0, 1, 0, 1]
16 2.8807435035705566 Robot: (126, 24, [0, 0, 0, 1]) Solution: [126, 24] [0, 0, 0, 1]
15 2.7386481761932373 Robot: (150, 7, [0, 0, 1, 0]) Solution: [150, 7] [0, 0, 1, 0]
FINISH
Iterations:  1000
Map size (width height):  155 55
Mean of steps:  25.494
Mean of time per iteration:  5.899020981311798
Median of steps:  22.0
Median of time per iteration:  5.076636791229248
Total elapsed time:  6105.471063137054
