7 0.14409947395324707 Robot: (4, 13, [0, 0, 0, 0]) Solution: [4, 13] [0, 0, 0, 0]
3 0.06332874298095703 Robot: (23, 12, [0, 1, 0, 1]) Solution: [23, 12] [0, 1, 0, 1]
5 0.10725545883178711 Robot: (22, 19, [0, 0, 1, 0]) Solution: [22, 19] [0, 0, 1, 0]
14 0.2905552387237549 Robot: (11, 35, [1, 0, 0, 1]) Solution: [11, 35] [1, 0, 0, 1]
2 0.04251503944396973 Robot: (17, 31, [1, 0, 0, 0]) Solution: [17, 31] [1, 0, 0, 0]
3 0.06252861022949219 Robot: (27, 32, [0, 0, 0, 0]) Solution: [27, 32] [0, 0, 0, 0]
3 0.06348681449890137 Robot: (29, 2, [0, 1, 0, 1]) Solution: [29, 2] [0, 1, 0, 1]
3 0.06285476684570312 Robot: (30, 4, [0, 0, 0, 0]) Solution: [30, 4] [0, 0, 0, 0]
22 0.4535226821899414 Robot: (13, 11, [1, 0, 1, 0]) Solution: [13, 11] [1, 0, 1, 0]
6 0.12555289268493652 Robot: (13, 29, [1, 0, 0, 0]) Solution: [13, 29] [1, 0, 0, 0]
10 0.20607304573059082 Robot: (30, 34, [0, 0, 0, 1]) Solution: [30, 34] [0, 0, 0, 1]
3 0.06285810470581055 Robot: (7, 25, [1, 0, 0, 0]) Solution: [7, 25] [1, 0, 0, 0]
16 0.3372163772583008 Robot: (28, 17, [0, 0, 1, 0]) Solution: [28, 17] [0, 0, 1, 0]
19 0.3954637050628662 Robot: (28, 34, [1, 1, 0, 0]) Solution: [28, 34] [1, 1, 0, 0]
8 0.16476845741271973 Robot: (15, 20, [0, 1, 0, 0]) Solution: [15, 20] [0, 1, 0, 0]
8 0.169600248336792 Robot: (19, 31, [0, 0, 1, 0]) Solution: [19, 31] [0, 0, 1, 0]
4 0.08333420753479004 Robot: (11, 28, [0, 0, 0, 0]) Solution: [11, 28] [0, 0, 0, 0]
11 0.23077106475830078 Robot: (13, 11, [1, 0, 1, 0]) Solution: [13, 11] [1, 0, 1, 0]
15 0.30749011039733887 Robot: (23, 3, [0, 1, 1, 1]) Solution: [23, 3] [0, 1, 1, 1]
9 0.18795037269592285 Robot: (24, 19, [1, 0, 0, 0]) Solution: [24, 19] [1, 0, 0, 0]
8 0.18054699897766113 Robot: (7, 8, [0, 0, 0, 1]) Solution: [7, 8] [0, 0, 0, 1]
2 0.04553699493408203 Robot: (1, 24, [0, 1, 0, 1]) Solution: [1, 24] [0, 1, 0, 1]
1 0.02251124382019043 Robot: (7, 36, [0, 0, 0, 0]) Solution: [7, 36] [0, 0, 0, 0]
21 0.4325549602508545 Robot: (16, 19, [1, 0, 1, 0]) Solution: [16, 19] [1, 0, 1, 0]
20 0.41282105445861816 Robot: (15, 19, [0, 0, 0, 1]) Solution: [15, 19] [0, 0, 0, 1]
5 0.10319757461547852 Robot: (3, 5, [1, 0, 1, 0]) Solution: [3, 5] [1, 0, 1, 0]
8 0.17261219024658203 Robot: (28, 15, [1, 0, 0, 0]) Solution: [28, 15] [1, 0, 0, 0]
6 0.13597416877746582 Robot: (21, 33, [0, 0, 0, 0]) Solution: [21, 33] [0, 0, 0, 0]
5 0.17627525329589844 Robot: (9, 9, [0, 1, 1, 0]) Solution: [9, 9] [0, 1, 1, 0]
3 0.08952164649963379 Robot: (31, 37, [0, 1, 1, 0]) Solution: [31, 37] [0, 1, 1, 0]
13 0.27507519721984863 Robot: (4, 29, [1, 0, 1, 0]) Solution: [4, 29] [1, 0, 1, 0]
2 0.0420839786529541 Robot: (4, 12, [1, 1, 0, 1]) Solution: [4, 12] [1, 1, 0, 1]
3 0.0623173713684082 Robot: (17, 32, [0, 0, 0, 0]) Solution: [17, 32] [0, 0, 0, 0]
5 0.10660195350646973 Robot: (3, 11, [0, 1, 1, 0]) Solution: [3, 11] [0, 1, 1, 0]
4 0.08220291137695312 Robot: (2, 5, [0, 0, 0, 0]) Solution: [2, 5] [0, 0, 0, 0]
13 0.26859211921691895 Robot: (3, 22, [0, 0, 0, 0]) Solution: [3, 22] [0, 0, 0, 0]
3 0.0620570182800293 Robot: (23, 16, [0, 0, 0, 1]) Solution: [23, 16] [0, 0, 0, 1]
4 0.08878540992736816 Robot: (15, 28, [0, 1, 0, 0]) Solution: [15, 28] [0, 1, 0, 0]
7 0.14710044860839844 Robot: (21, 7, [0, 0, 1, 0]) Solution: [21, 7] [0, 0, 1, 0]
8 0.17902064323425293 Robot: (2, 4, [0, 1, 0, 0]) Solution: [2, 4] [0, 1, 0, 0]
6 0.1590559482574463 Robot: (5, 36, [0, 0, 0, 0]) Solution: [5, 36] [0, 0, 0, 0]
27 0.9690592288970947 Robot: (7, 25, [1, 0, 0, 0]) Solution: [7, 25] [1, 0, 0, 0]
24 0.5581471920013428 Robot: (12, 9, [1, 0, 0, 0]) Solution: [12, 9] [1, 0, 0, 0]
2 0.046152591705322266 Robot: (15, 32, [0, 0, 0, 0]) Solution: [15, 32] [0, 0, 0, 0]
2 0.04486680030822754 Robot: (2, 16, [0, 1, 1, 0]) Solution: [2, 16] [0, 1, 1, 0]
4 0.08475732803344727 Robot: (18, 14, [1, 1, 1, 0]) Solution: [18, 14] [1, 1, 1, 0]
12 0.2632026672363281 Robot: (12, 37, [1, 0, 1, 0]) Solution: [12, 37] [1, 0, 1, 0]
6 0.14400434494018555 Robot: (6, 17, [0, 0, 0, 0]) Solution: [6, 17] [0, 0, 0, 0]
7 0.1557309627532959 Robot: (17, 17, [0, 0, 1, 1]) Solution: [17, 17] [0, 0, 1, 1]
5 0.11049103736877441 Robot: (27, 22, [0, 0, 0, 1]) Solution: [27, 22] [0, 0, 0, 1]
3 0.06630253791809082 Robot: (2, 18, [1, 1, 0, 0]) Solution: [2, 18] [1, 1, 0, 0]
15 0.31731367111206055 Robot: (13, 13, [1, 0, 1, 0]) Solution: [13, 13] [1, 0, 1, 0]
10 0.21184802055358887 Robot: (21, 31, [1, 1, 0, 0]) Solution: [21, 31] [1, 1, 0, 0]
5 0.10687589645385742 Robot: (5, 18, [0, 0, 0, 1]) Solution: [5, 18] [0, 0, 0, 1]
4 0.08682465553283691 Robot: (31, 27, [1, 1, 0, 0]) Solution: [31, 27] [1, 1, 0, 0]
5 0.10820960998535156 Robot: (21, 3, [0, 1, 1, 0]) Solution: [21, 3] [0, 1, 1, 0]
6 0.13190865516662598 Robot: (12, 13, [0, 0, 1, 0]) Solution: [12, 13] [0, 0, 1, 0]
9 0.19556641578674316 Robot: (13, 9, [0, 0, 1, 0]) Solution: [13, 9] [0, 0, 1, 0]
8 0.1643509864807129 Robot: (16, 12, [0, 0, 1, 0]) Solution: [16, 12] [0, 0, 1, 0]
24 0.5104677677154541 Robot: (17, 5, [0, 1, 0, 1]) Solution: [17, 5] [0, 1, 0, 1]
4 0.08199095726013184 Robot: (2, 25, [1, 0, 0, 0]) Solution: [2, 25] [1, 0, 0, 0]
4 0.08573174476623535 Robot: (22, 35, [1, 0, 1, 0]) Solution: [22, 35] [1, 0, 1, 0]
5 0.1063380241394043 Robot: (21, 37, [0, 0, 1, 0]) Solution: [21, 37] [0, 0, 1, 0]
15 0.3157689571380615 Robot: (1, 27, [0, 1, 0, 1]) Solution: [1, 27] [0, 1, 0, 1]
2 0.04700613021850586 Robot: (28, 24, [0, 0, 0, 0]) Solution: [28, 24] [0, 0, 0, 0]
5 0.1137237548828125 Robot: (23, 24, [0, 1, 0, 0]) Solution: [23, 24] [0, 1, 0, 0]
5 0.11147046089172363 Robot: (5, 18, [0, 0, 0, 1]) Solution: [5, 18] [0, 0, 0, 1]
6 0.12787699699401855 Robot: (1, 29, [0, 0, 0, 1]) Solution: [1, 29] [0, 0, 0, 1]
3 0.06444215774536133 Robot: (9, 6, [0, 1, 0, 1]) Solution: [9, 6] [0, 1, 0, 1]
21 0.44315671920776367 Robot: (4, 31, [1, 0, 1, 0]) Solution: [4, 31] [1, 0, 1, 0]
13 0.27652931213378906 Robot: (22, 19, [0, 0, 1, 0]) Solution: [22, 19] [0, 0, 1, 0]
2 0.04415178298950195 Robot: (30, 30, [0, 1, 0, 1]) Solution: [30, 30] [0, 1, 0, 1]
4 0.09056282043457031 Robot: (1, 26, [0, 0, 0, 1]) Solution: [1, 26] [0, 0, 0, 1]
6 0.12687373161315918 Robot: (28, 24, [0, 0, 0, 0]) Solution: [28, 24] [0, 0, 0, 0]
4 0.08890366554260254 Robot: (29, 2, [0, 1, 0, 1]) Solution: [29, 2] [0, 1, 0, 1]
5 0.10769152641296387 Robot: (19, 1, [1, 0, 1, 0]) Solution: [19, 1] [1, 0, 1, 0]
2 0.04662919044494629 Robot: (28, 24, [0, 0, 0, 0]) Solution: [28, 24] [0, 0, 0, 0]
3 0.0668032169342041 Robot: (13, 29, [1, 0, 0, 0]) Solution: [13, 29] [1, 0, 0, 0]
3 0.06991219520568848 Robot: (3, 10, [0, 1, 0, 0]) Solution: [3, 10] [0, 1, 0, 0]
17 0.35210609436035156 Robot: (8, 35, [0, 0, 0, 0]) Solution: [8, 35] [0, 0, 0, 0]
4 0.08587265014648438 Robot: (31, 3, [0, 1, 0, 0]) Solution: [31, 3] [0, 1, 0, 0]
6 0.13064002990722656 Robot: (23, 37, [1, 0, 1, 0]) Solution: [23, 37] [1, 0, 1, 0]
2 0.04587697982788086 Robot: (19, 25, [0, 0, 0, 0]) Solution: [19, 25] [0, 0, 0, 0]
2 0.04534745216369629 Robot: (16, 30, [0, 1, 0, 0]) Solution: [16, 30] [0, 1, 0, 0]
1 0.022817611694335938 Robot: (14, 20, [1, 0, 0, 1]) Solution: [14, 20] [1, 0, 0, 1]
8 0.17898011207580566 Robot: (11, 37, [0, 0, 1, 0]) Solution: [11, 37] [0, 0, 1, 0]
4 0.08653974533081055 Robot: (25, 11, [1, 0, 0, 1]) Solution: [25, 11] [1, 0, 0, 1]
7 0.14993643760681152 Robot: (27, 15, [1, 0, 0, 0]) Solution: [27, 15] [1, 0, 0, 0]
6 0.1298079490661621 Robot: (26, 32, [0, 0, 1, 1]) Solution: [26, 32] [0, 0, 1, 1]
7 0.15055441856384277 Robot: (28, 34, [1, 1, 0, 0]) Solution: [28, 34] [1, 1, 0, 0]
4 0.08757162094116211 Robot: (19, 3, [1, 0, 0, 1]) Solution: [19, 3] [1, 0, 0, 1]
1 0.025341033935546875 Robot: (21, 11, [1, 1, 0, 1]) Solution: [21, 11] [1, 1, 0, 1]
13 0.2789421081542969 Robot: (21, 25, [0, 0, 1, 0]) Solution: [21, 25] [0, 0, 1, 0]
2 0.04522514343261719 Robot: (2, 16, [0, 1, 1, 0]) Solution: [2, 16] [0, 1, 1, 0]
6 0.12700724601745605 Robot: (23, 29, [0, 0, 0, 0]) Solution: [23, 29] [0, 0, 0, 0]
4 0.08375716209411621 Robot: (21, 37, [0, 0, 1, 0]) Solution: [21, 37] [0, 0, 1, 0]
13 0.27064990997314453 Robot: (16, 32, [0, 0, 1, 0]) Solution: [16, 32] [0, 0, 1, 0]
17 0.35657382011413574 Robot: (31, 20, [0, 1, 0, 1]) Solution: [31, 20] [0, 1, 0, 1]
3 0.07044410705566406 Robot: (20, 5, [0, 0, 1, 0]) Solution: [20, 5] [0, 0, 1, 0]
4 0.09080100059509277 Robot: (9, 37, [1, 0, 1, 0]) Solution: [9, 37] [1, 0, 1, 0]
3 0.06645488739013672 Robot: (6, 27, [1, 0, 0, 0]) Solution: [6, 27] [1, 0, 0, 0]
8 0.17223620414733887 Robot: (17, 16, [0, 1, 0, 1]) Solution: [17, 16] [0, 1, 0, 1]
8 0.1730365753173828 Robot: (5, 33, [0, 0, 0, 0]) Solution: [5, 33] [0, 0, 0, 0]
6 0.12900948524475098 Robot: (24, 25, [1, 0, 0, 0]) Solution: [24, 25] [1, 0, 0, 0]
5 0.11082935333251953 Robot: (13, 1, [1, 1, 0, 0]) Solution: [13, 1] [1, 1, 0, 0]
13 0.2759697437286377 Robot: (17, 23, [0, 1, 0, 0]) Solution: [17, 23] [0, 1, 0, 0]
8 0.18047666549682617 Robot: (15, 5, [1, 1, 0, 0]) Solution: [15, 5] [1, 1, 0, 0]
4 0.08456158638000488 Robot: (3, 37, [1, 0, 1, 0]) Solution: [3, 37] [1, 0, 1, 0]
3 0.06996417045593262 Robot: (25, 33, [1, 1, 0, 0]) Solution: [25, 33] [1, 1, 0, 0]
11 0.23296070098876953 Robot: (20, 9, [1, 0, 0, 0]) Solution: [20, 9] [1, 0, 0, 0]
4 0.08913421630859375 Robot: (29, 21, [0, 0, 1, 1]) Solution: [29, 21] [0, 0, 1, 1]
10 0.2169337272644043 Robot: (17, 12, [0, 1, 0, 0]) Solution: [17, 12] [0, 1, 0, 0]
8 0.1915757656097412 Robot: (28, 24, [0, 0, 0, 0]) Solution: [28, 24] [0, 0, 0, 0]
4 0.08872628211975098 Robot: (17, 31, [1, 0, 0, 0]) Solution: [17, 31] [1, 0, 0, 0]
7 0.15244340896606445 Robot: (11, 5, [1, 0, 1, 0]) Solution: [11, 5] [1, 0, 1, 0]
14 0.29550600051879883 Robot: (17, 25, [0, 0, 1, 0]) Solution: [17, 25] [0, 0, 1, 0]
23 0.47580599784851074 Robot: (18, 35, [1, 0, 1, 0]) Solution: [18, 35] [1, 0, 1, 0]
16 0.3380863666534424 Robot: (22, 23, [1, 0, 0, 0]) Solution: [22, 23] [1, 0, 0, 0]
5 0.10768389701843262 Robot: (17, 3, [1, 1, 0, 0]) Solution: [17, 3] [1, 1, 0, 0]
5 0.11145949363708496 Robot: (14, 7, [1, 0, 1, 0]) Solution: [14, 7] [1, 0, 1, 0]
3 0.07016253471374512 Robot: (9, 8, [0, 0, 0, 0]) Solution: [9, 8] [0, 0, 0, 0]
12 0.2557234764099121 Robot: (21, 7, [0, 0, 1, 0]) Solution: [21, 7] [0, 0, 1, 0]
15 0.31317615509033203 Robot: (29, 10, [0, 1, 0, 0]) Solution: [29, 10] [0, 1, 0, 0]
7 0.15670061111450195 Robot: (25, 25, [1, 1, 0, 0]) Solution: [25, 25] [1, 1, 0, 0]
13 0.2743532657623291 Robot: (21, 7, [0, 0, 1, 0]) Solution: [21, 7] [0, 0, 1, 0]
5 0.10412049293518066 Robot: (1, 17, [0, 1, 0, 1]) Solution: [1, 17] [0, 1, 0, 1]
8 0.16944289207458496 Robot: (19, 27, [0, 0, 0, 0]) Solution: [19, 27] [0, 0, 0, 0]
14 0.29741787910461426 Robot: (29, 5, [0, 0, 1, 1]) Solution: [29, 5] [0, 0, 1, 1]
11 0.23959136009216309 Robot: (17, 11, [1, 0, 0, 0]) Solution: [17, 11] [1, 0, 0, 0]
3 0.07025456428527832 Robot: (13, 18, [0, 0, 0, 1]) Solution: [13, 18] [0, 0, 0, 1]
12 0.2664813995361328 Robot: (23, 19, [1, 0, 1, 0]) Solution: [23, 19] [1, 0, 1, 0]
3 0.06731462478637695 Robot: (14, 16, [0, 0, 1, 0]) Solution: [14, 16] [0, 0, 1, 0]
2 0.04535365104675293 Robot: (16, 30, [0, 1, 0, 0]) Solution: [16, 30] [0, 1, 0, 0]
7 0.14915180206298828 Robot: (15, 5, [1, 1, 0, 0]) Solution: [15, 5] [1, 1, 0, 0]
2 0.04679465293884277 Robot: (28, 10, [1, 0, 1, 1]) Solution: [28, 10] [1, 0, 1, 1]
24 0.5047926902770996 Robot: (30, 15, [1, 0, 0, 0]) Solution: [30, 15] [1, 0, 0, 0]
13 0.28331446647644043 Robot: (5, 9, [1, 0, 0, 1]) Solution: [5, 9] [1, 0, 0, 1]
5 0.11825895309448242 Robot: (3, 26, [0, 0, 0, 0]) Solution: [3, 26] [0, 0, 0, 0]
13 0.2741539478302002 Robot: (13, 7, [1, 0, 0, 0]) Solution: [13, 7] [1, 0, 0, 0]
3 0.06527352333068848 Robot: (29, 9, [0, 0, 0, 1]) Solution: [29, 9] [0, 0, 0, 1]
5 0.10464644432067871 Robot: (9, 7, [0, 1, 0, 0]) Solution: [9, 7] [0, 1, 0, 0]
6 0.13224029541015625 Robot: (14, 15, [1, 0, 0, 0]) Solution: [14, 15] [1, 0, 0, 0]
4 0.09783530235290527 Robot: (19, 1, [1, 0, 1, 0]) Solution: [19, 1] [1, 0, 1, 0]
5 0.1396350860595703 Robot: (25, 25, [1, 1, 0, 0]) Solution: [25, 25] [1, 1, 0, 0]
4 0.0946664810180664 Robot: (4, 22, [1, 1, 1, 0]) Solution: [4, 22] [1, 1, 1, 0]
6 0.16938281059265137 Robot: (23, 17, [0, 1, 1, 0]) Solution: [23, 17] [0, 1, 1, 0]
4 0.09084439277648926 Robot: (19, 35, [1, 0, 1, 0]) Solution: [19, 35] [1, 0, 1, 0]
8 0.21712779998779297 Robot: (3, 23, [0, 1, 0, 0]) Solution: [3, 23] [0, 1, 0, 0]
4 0.15127086639404297 Robot: (14, 25, [1, 0, 0, 0]) Solution: [14, 25] [1, 0, 0, 0]
5 0.18236112594604492 Robot: (9, 19, [0, 0, 1, 1]) Solution: [9, 19] [0, 0, 1, 1]
11 0.2892148494720459 Robot: (1, 4, [0, 0, 0, 1]) Solution: [1, 4] [0, 0, 0, 1]
8 0.1941683292388916 Robot: (17, 5, [0, 1, 0, 1]) Solution: [17, 5] [0, 1, 0, 1]
7 0.15636396408081055 Robot: (13, 2, [0, 0, 0, 1]) Solution: [13, 2] [0, 0, 0, 1]
11 0.2474217414855957 Robot: (15, 7, [0, 0, 1, 0]) Solution: [15, 7] [0, 0, 1, 0]
7 0.15229320526123047 Robot: (24, 29, [1, 0, 1, 0]) Solution: [24, 29] [1, 0, 1, 0]
3 0.07017016410827637 Robot: (12, 35, [1, 0, 1, 0]) Solution: [12, 35] [1, 0, 1, 0]
2 0.05187630653381348 Robot: (1, 7, [0, 0, 0, 1]) Solution: [1, 7] [0, 0, 0, 1]
14 0.32064175605773926 Robot: (15, 11, [1, 0, 0, 0]) Solution: [15, 11] [1, 0, 0, 0]
14 0.29850172996520996 Robot: (17, 13, [0, 1, 0, 1]) Solution: [17, 13] [0, 1, 0, 1]
2 0.04349875450134277 Robot: (8, 33, [1, 0, 0, 0]) Solution: [8, 33] [1, 0, 0, 0]
10 0.21274018287658691 Robot: (4, 12, [1, 1, 0, 1]) Solution: [4, 12] [1, 1, 0, 1]
11 0.22915291786193848 Robot: (15, 25, [0, 0, 1, 0]) Solution: [15, 25] [0, 0, 1, 0]
10 0.2132091522216797 Robot: (27, 15, [1, 0, 0, 0]) Solution: [27, 15] [1, 0, 0, 0]
33 0.695716142654419 Robot: (4, 31, [1, 0, 1, 0]) Solution: [4, 31] [1, 0, 1, 0]
14 0.2911851406097412 Robot: (9, 28, [0, 0, 0, 1]) Solution: [9, 28] [0, 0, 0, 1]
8 0.17062163352966309 Robot: (12, 6, [0, 1, 0, 1]) Solution: [12, 6] [0, 1, 0, 1]
34 0.7278721332550049 Robot: (22, 24, [0, 0, 0, 0]) Solution: [22, 24] [0, 0, 0, 0]
5 0.10807538032531738 Robot: (25, 9, [0, 0, 1, 1]) Solution: [25, 9] [0, 0, 1, 1]
17 0.3665485382080078 Robot: (3, 22, [0, 0, 0, 0]) Solution: [3, 22] [0, 0, 0, 0]
8 0.17110919952392578 Robot: (29, 15, [0, 0, 1, 0]) Solution: [29, 15] [0, 0, 1, 0]
1 0.023183584213256836 Robot: (7, 18, [0, 1, 0, 0]) Solution: [7, 18] [0, 1, 0, 0]
20 0.4156312942504883 Robot: (11, 37, [0, 0, 1, 0]) Solution: [11, 37] [0, 0, 1, 0]
2 0.04482078552246094 Robot: (13, 29, [1, 0, 0, 0]) Solution: [13, 29] [1, 0, 0, 0]
8 0.1751694679260254 Robot: (9, 3, [0, 0, 0, 1]) Solution: [9, 3] [0, 0, 0, 1]
12 0.3447988033294678 Robot: (5, 6, [0, 0, 0, 1]) Solution: [5, 6] [0, 0, 0, 1]
8 0.2602207660675049 Robot: (17, 27, [1, 0, 0, 1]) Solution: [17, 27] [1, 0, 0, 1]
4 0.09951996803283691 Robot: (16, 31, [0, 0, 0, 0]) Solution: [16, 31] [0, 0, 0, 0]
11 0.23783588409423828 Robot: (10, 5, [1, 0, 1, 0]) Solution: [10, 5] [1, 0, 1, 0]
3 0.06501960754394531 Robot: (13, 23, [0, 0, 1, 0]) Solution: [13, 23] [0, 0, 1, 0]
4 0.08885908126831055 Robot: (9, 33, [1, 1, 0, 0]) Solution: [9, 33] [1, 1, 0, 0]
6 0.13274383544921875 Robot: (5, 24, [0, 1, 0, 0]) Solution: [5, 24] [0, 1, 0, 0]
3 0.06536674499511719 Robot: (1, 33, [1, 0, 0, 1]) Solution: [1, 33] [1, 0, 0, 1]
11 0.2403864860534668 Robot: (3, 31, [1, 0, 1, 0]) Solution: [3, 31] [1, 0, 1, 0]
6 0.13094758987426758 Robot: (20, 4, [0, 1, 0, 0]) Solution: [20, 4] [0, 1, 0, 0]
4 0.09013175964355469 Robot: (22, 25, [0, 0, 1, 0]) Solution: [22, 25] [0, 0, 1, 0]
11 0.24901795387268066 Robot: (10, 23, [0, 0, 1, 0]) Solution: [10, 23] [0, 0, 1, 0]
9 0.20097565650939941 Robot: (2, 15, [1, 0, 0, 0]) Solution: [2, 15] [1, 0, 0, 0]
3 0.06896376609802246 Robot: (10, 32, [1, 0, 1, 1]) Solution: [10, 32] [1, 0, 1, 1]
3 0.07195615768432617 Robot: (2, 11, [0, 0, 0, 0]) Solution: [2, 11] [0, 0, 0, 0]
10 0.22113561630249023 Robot: (7, 9, [0, 0, 0, 0]) Solution: [7, 9] [0, 0, 0, 0]
6 0.13304972648620605 Robot: (26, 23, [1, 0, 0, 0]) Solution: [26, 23] [1, 0, 0, 0]
7 0.15014410018920898 Robot: (21, 35, [0, 0, 0, 0]) Solution: [21, 35] [0, 0, 0, 0]
4 0.0857243537902832 Robot: (29, 27, [1, 0, 1, 0]) Solution: [29, 27] [1, 0, 1, 0]
17 0.3608973026275635 Robot: (19, 23, [0, 0, 0, 1]) Solution: [19, 23] [0, 0, 0, 1]
45 0.9916355609893799 Robot: (1, 4, [0, 0, 0, 1]) Solution: [1, 4] [0, 0, 0, 1]
15 0.3314096927642822 Robot: (7, 15, [1, 0, 0, 0]) Solution: [7, 15] [1, 0, 0, 0]
9 0.21414780616760254 Robot: (31, 33, [0, 1, 0, 0]) Solution: [31, 33] [0, 1, 0, 0]
6 0.1286921501159668 Robot: (20, 16, [0, 1, 0, 1]) Solution: [20, 16] [0, 1, 0, 1]
8 0.18121814727783203 Robot: (22, 33, [1, 0, 1, 0]) Solution: [22, 33] [1, 0, 1, 0]
7 0.14567780494689941 Robot: (13, 27, [0, 0, 1, 1]) Solution: [13, 27] [0, 0, 1, 1]
4 0.08796262741088867 Robot: (25, 34, [0, 1, 0, 1]) Solution: [25, 34] [0, 1, 0, 1]
11 0.22990870475769043 Robot: (25, 15, [1, 0, 0, 0]) Solution: [25, 15] [1, 0, 0, 0]
5 0.10714268684387207 Robot: (16, 31, [0, 0, 0, 0]) Solution: [16, 31] [0, 0, 0, 0]
4 0.0845041275024414 Robot: (5, 33, [0, 0, 0, 0]) Solution: [5, 33] [0, 0, 0, 0]
4 0.08722949028015137 Robot: (27, 15, [1, 0, 0, 0]) Solution: [27, 15] [1, 0, 0, 0]
3 0.06685757637023926 Robot: (13, 23, [0, 0, 1, 0]) Solution: [13, 23] [0, 0, 1, 0]
16 0.33820390701293945 Robot: (13, 15, [1, 0, 0, 0]) Solution: [13, 15] [1, 0, 0, 0]
6 0.1379222869873047 Robot: (29, 29, [1, 0, 1, 0]) Solution: [29, 29] [1, 0, 1, 0]
2 0.04461169242858887 Robot: (27, 9, [0, 1, 1, 0]) Solution: [27, 9] [0, 1, 1, 0]
4 0.13373160362243652 Robot: (7, 5, [0, 0, 1, 1]) Solution: [7, 5] [0, 0, 1, 1]
7 0.2048661708831787 Robot: (16, 11, [1, 0, 0, 0]) Solution: [16, 11] [1, 0, 0, 0]
1 0.046361684799194336 Robot: (1, 16, [0, 0, 0, 1]) Solution: [1, 16] [0, 0, 0, 1]
7 0.18609118461608887 Robot: (10, 27, [1, 0, 0, 0]) Solution: [10, 27] [1, 0, 0, 0]
5 0.11754870414733887 Robot: (23, 25, [0, 0, 0, 0]) Solution: [23, 25] [0, 0, 0, 0]
5 0.11352038383483887 Robot: (5, 11, [0, 0, 1, 1]) Solution: [5, 11] [0, 0, 1, 1]
7 0.15217804908752441 Robot: (2, 5, [0, 0, 0, 0]) Solution: [2, 5] [0, 0, 0, 0]
5 0.11078739166259766 Robot: (19, 29, [0, 1, 0, 0]) Solution: [19, 29] [0, 1, 0, 0]
12 0.2573366165161133 Robot: (15, 12, [0, 0, 0, 1]) Solution: [15, 12] [0, 0, 0, 1]
5 0.1146554946899414 Robot: (11, 25, [0, 1, 0, 0]) Solution: [11, 25] [0, 1, 0, 0]
51 1.2040157318115234 Robot: (20, 37, [1, 0, 1, 0]) Solution: [20, 37] [1, 0, 1, 0]
9 0.1916811466217041 Robot: (2, 3, [1, 0, 0, 0]) Solution: [2, 3] [1, 0, 0, 0]
3 0.06600284576416016 Robot: (2, 6, [0, 1, 0, 0]) Solution: [2, 6] [0, 1, 0, 0]
18 0.38375186920166016 Robot: (17, 23, [0, 1, 0, 0]) Solution: [17, 23] [0, 1, 0, 0]
3 0.08792710304260254 Robot: (11, 15, [0, 0, 0, 1]) Solution: [11, 15] [0, 0, 0, 1]
5 0.13428688049316406 Robot: (21, 13, [0, 0, 0, 0]) Solution: [21, 13] [0, 0, 0, 0]
15 0.35378575325012207 Robot: (3, 22, [0, 0, 0, 0]) Solution: [3, 22] [0, 0, 0, 0]
3 0.06980776786804199 Robot: (10, 10, [1, 1, 0, 1]) Solution: [10, 10] [1, 1, 0, 1]
8 0.16642427444458008 Robot: (11, 35, [1, 0, 0, 1]) Solution: [11, 35] [1, 0, 0, 1]
5 0.1076657772064209 Robot: (24, 33, [0, 0, 1, 0]) Solution: [24, 33] [0, 0, 1, 0]
8 0.18818116188049316 Robot: (14, 20, [1, 0, 0, 1]) Solution: [14, 20] [1, 0, 0, 1]
7 0.14751887321472168 Robot: (28, 17, [0, 0, 1, 0]) Solution: [28, 17] [0, 0, 1, 0]
6 0.1319892406463623 Robot: (30, 29, [1, 0, 0, 0]) Solution: [30, 29] [1, 0, 0, 0]
9 0.1876513957977295 Robot: (19, 31, [0, 0, 1, 0]) Solution: [19, 31] [0, 0, 1, 0]
2 0.047142744064331055 Robot: (25, 3, [0, 0, 1, 1]) Solution: [25, 3] [0, 0, 1, 1]
15 0.33249449729919434 Robot: (28, 37, [0, 0, 1, 0]) Solution: [28, 37] [0, 0, 1, 0]
13 0.4110095500946045 Robot: (31, 37, [0, 1, 1, 0]) Solution: [31, 37] [0, 1, 1, 0]
12 0.32610321044921875 Robot: (24, 27, [0, 0, 1, 0]) Solution: [24, 27] [0, 0, 1, 0]
3 0.1101834774017334 Robot: (27, 17, [0, 0, 0, 0]) Solution: [27, 17] [0, 0, 0, 0]
6 0.1477048397064209 Robot: (23, 15, [1, 0, 0, 1]) Solution: [23, 15] [1, 0, 0, 1]
3 0.06780195236206055 Robot: (5, 37, [0, 0, 1, 0]) Solution: [5, 37] [0, 0, 1, 0]
3 0.06701111793518066 Robot: (27, 5, [0, 1, 1, 0]) Solution: [27, 5] [0, 1, 1, 0]
11 0.22901630401611328 Robot: (21, 13, [0, 0, 0, 0]) Solution: [21, 13] [0, 0, 0, 0]
8 0.17159795761108398 Robot: (17, 27, [1, 0, 0, 1]) Solution: [17, 27] [1, 0, 0, 1]
4 0.08776688575744629 Robot: (29, 5, [0, 0, 1, 1]) Solution: [29, 5] [0, 0, 1, 1]
8 0.17265605926513672 Robot: (7, 15, [1, 0, 0, 0]) Solution: [7, 15] [1, 0, 0, 0]
4 0.09212946891784668 Robot: (22, 24, [0, 0, 0, 0]) Solution: [22, 24] [0, 0, 0, 0]
2 0.04637622833251953 Robot: (17, 3, [1, 1, 0, 0]) Solution: [17, 3] [1, 1, 0, 0]
6 0.13138771057128906 Robot: (30, 21, [1, 0, 1, 0]) Solution: [30, 21] [1, 0, 1, 0]
6 0.13024282455444336 Robot: (28, 35, [0, 0, 0, 0]) Solution: [28, 35] [0, 0, 0, 0]
5 0.10783648490905762 Robot: (9, 7, [0, 1, 0, 0]) Solution: [9, 7] [0, 1, 0, 0]
21 0.4483757019042969 Robot: (1, 33, [1, 0, 0, 1]) Solution: [1, 33] [1, 0, 0, 1]
8 0.17811012268066406 Robot: (9, 15, [0, 1, 0, 0]) Solution: [9, 15] [0, 1, 0, 0]
6 0.1318504810333252 Robot: (26, 4, [0, 0, 0, 1]) Solution: [26, 4] [0, 0, 0, 1]
8 0.17580723762512207 Robot: (19, 3, [1, 0, 0, 1]) Solution: [19, 3] [1, 0, 0, 1]
9 0.19257497787475586 Robot: (20, 21, [1, 0, 1, 0]) Solution: [20, 21] [1, 0, 1, 0]
3 0.06901144981384277 Robot: (30, 12, [1, 0, 1, 0]) Solution: [30, 12] [1, 0, 1, 0]
6 0.13602328300476074 Robot: (17, 11, [1, 0, 0, 0]) Solution: [17, 11] [1, 0, 0, 0]
4 0.08398079872131348 Robot: (28, 37, [0, 0, 1, 0]) Solution: [28, 37] [0, 0, 1, 0]
7 0.14825868606567383 Robot: (29, 37, [1, 0, 1, 0]) Solution: [29, 37] [1, 0, 1, 0]
20 0.42340517044067383 Robot: (9, 17, [0, 1, 0, 1]) Solution: [9, 17] [0, 1, 0, 1]
9 0.18680596351623535 Robot: (31, 23, [0, 1, 0, 1]) Solution: [31, 23] [0, 1, 0, 1]
20 0.4207193851470947 Robot: (13, 15, [1, 0, 0, 0]) Solution: [13, 15] [1, 0, 0, 0]
36 0.7772607803344727 Robot: (20, 35, [1, 0, 1, 0]) Solution: [20, 35] [1, 0, 1, 0]
3 0.06571388244628906 Robot: (11, 5, [1, 0, 1, 0]) Solution: [11, 5] [1, 0, 1, 0]
5 0.10998296737670898 Robot: (21, 19, [1, 0, 1, 0]) Solution: [21, 19] [1, 0, 1, 0]
8 0.17278432846069336 Robot: (26, 19, [1, 0, 0, 0]) Solution: [26, 19] [1, 0, 0, 0]
2 0.04591035842895508 Robot: (19, 15, [1, 0, 1, 1]) Solution: [19, 15] [1, 0, 1, 1]
5 0.11129117012023926 Robot: (3, 23, [0, 1, 0, 0]) Solution: [3, 23] [0, 1, 0, 0]
4 0.08363819122314453 Robot: (24, 19, [1, 0, 0, 0]) Solution: [24, 19] [1, 0, 0, 0]
7 0.1521604061126709 Robot: (19, 25, [0, 0, 0, 0]) Solution: [19, 25] [0, 0, 0, 0]
32 0.6808390617370605 Robot: (9, 3, [0, 0, 0, 1]) Solution: [9, 3] [0, 0, 0, 1]
5 0.1056051254272461 Robot: (20, 5, [0, 0, 1, 0]) Solution: [20, 5] [0, 0, 1, 0]
6 0.12761235237121582 Robot: (14, 15, [1, 0, 0, 0]) Solution: [14, 15] [1, 0, 0, 0]
11 0.24658203125 Robot: (20, 37, [1, 0, 1, 0]) Solution: [20, 37] [1, 0, 1, 0]
4 0.09126973152160645 Robot: (13, 29, [1, 0, 0, 0]) Solution: [13, 29] [1, 0, 0, 0]
2 0.047388553619384766 Robot: (26, 32, [0, 0, 1, 1]) Solution: [26, 32] [0, 0, 1, 1]
12 0.2728233337402344 Robot: (7, 5, [0, 0, 1, 1]) Solution: [7, 5] [0, 0, 1, 1]
6 0.13056373596191406 Robot: (23, 10, [0, 0, 0, 1]) Solution: [23, 10] [0, 0, 0, 1]
11 0.2287590503692627 Robot: (25, 17, [0, 0, 1, 1]) Solution: [25, 17] [0, 0, 1, 1]
11 0.23047208786010742 Robot: (15, 7, [0, 0, 1, 0]) Solution: [15, 7] [0, 0, 1, 0]
4 0.08925414085388184 Robot: (16, 32, [0, 0, 1, 0]) Solution: [16, 32] [0, 0, 1, 0]
2 0.045469045639038086 Robot: (20, 10, [0, 1, 1, 1]) Solution: [20, 10] [0, 1, 1, 1]
7 0.15221261978149414 Robot: (9, 15, [0, 1, 0, 0]) Solution: [9, 15] [0, 1, 0, 0]
3 0.06822538375854492 Robot: (27, 5, [0, 1, 1, 0]) Solution: [27, 5] [0, 1, 1, 0]
12 0.2546963691711426 Robot: (1, 36, [0, 1, 0, 1]) Solution: [1, 36] [0, 1, 0, 1]
2 0.04664254188537598 Robot: (19, 25, [0, 0, 0, 0]) Solution: [19, 25] [0, 0, 0, 0]
12 0.2568974494934082 Robot: (19, 21, [1, 0, 0, 0]) Solution: [19, 21] [1, 0, 0, 0]
18 0.38322949409484863 Robot: (29, 25, [0, 0, 1, 0]) Solution: [29, 25] [0, 0, 1, 0]
7 0.14828824996948242 Robot: (1, 21, [0, 0, 1, 1]) Solution: [1, 21] [0, 0, 1, 1]
7 0.19416022300720215 Robot: (23, 37, [1, 0, 1, 0]) Solution: [23, 37] [1, 0, 1, 0]
8 0.18039417266845703 Robot: (21, 35, [0, 0, 0, 0]) Solution: [21, 35] [0, 0, 0, 0]
5 0.1081547737121582 Robot: (23, 17, [0, 1, 1, 0]) Solution: [23, 17] [0, 1, 1, 0]
3 0.06820487976074219 Robot: (27, 25, [0, 0, 1, 1]) Solution: [27, 25] [0, 0, 1, 1]
3 0.06802821159362793 Robot: (13, 21, [1, 0, 0, 0]) Solution: [13, 21] [1, 0, 0, 0]
7 0.1546492576599121 Robot: (28, 17, [0, 0, 1, 0]) Solution: [28, 17] [0, 0, 1, 0]
4 0.08739066123962402 Robot: (23, 26, [0, 0, 0, 1]) Solution: [23, 26] [0, 0, 0, 1]
17 0.3608214855194092 Robot: (5, 35, [0, 1, 0, 0]) Solution: [5, 35] [0, 1, 0, 0]
2 0.04343104362487793 Robot: (28, 34, [1, 1, 0, 0]) Solution: [28, 34] [1, 1, 0, 0]
12 0.2615664005279541 Robot: (15, 29, [0, 0, 0, 0]) Solution: [15, 29] [0, 0, 0, 0]
9 0.19086027145385742 Robot: (25, 7, [0, 0, 0, 0]) Solution: [25, 7] [0, 0, 0, 0]
8 0.17046523094177246 Robot: (17, 5, [0, 1, 0, 1]) Solution: [17, 5] [0, 1, 0, 1]
4 0.08908319473266602 Robot: (26, 23, [1, 0, 0, 0]) Solution: [26, 23] [1, 0, 0, 0]
6 0.12539100646972656 Robot: (30, 4, [0, 0, 0, 0]) Solution: [30, 4] [0, 0, 0, 0]
13 0.27202367782592773 Robot: (20, 9, [1, 0, 0, 0]) Solution: [20, 9] [1, 0, 0, 0]
2 0.04381275177001953 Robot: (29, 23, [1, 1, 0, 0]) Solution: [29, 23] [1, 1, 0, 0]
5 0.10920286178588867 Robot: (4, 37, [0, 0, 1, 0]) Solution: [4, 37] [0, 0, 1, 0]
5 0.10938644409179688 Robot: (11, 1, [1, 0, 0, 1]) Solution: [11, 1] [1, 0, 0, 1]
3 0.06518888473510742 Robot: (25, 31, [1, 0, 1, 0]) Solution: [25, 31] [1, 0, 1, 0]
7 0.15026497840881348 Robot: (11, 35, [1, 0, 0, 1]) Solution: [11, 35] [1, 0, 0, 1]
8 0.17346858978271484 Robot: (8, 2, [0, 0, 1, 0]) Solution: [8, 2] [0, 0, 1, 0]
7 0.15317869186401367 Robot: (29, 10, [0, 1, 0, 0]) Solution: [29, 10] [0, 1, 0, 0]
16 0.33783888816833496 Robot: (25, 1, [1, 0, 0, 0]) Solution: [25, 1] [1, 0, 0, 0]
5 0.11416769027709961 Robot: (19, 5, [0, 0, 0, 1]) Solution: [19, 5] [0, 0, 0, 1]
4 0.08295774459838867 Robot: (21, 23, [0, 0, 0, 0]) Solution: [21, 23] [0, 0, 0, 0]
23 0.4827744960784912 Robot: (9, 17, [0, 1, 0, 1]) Solution: [9, 17] [0, 1, 0, 1]
4 0.10416865348815918 Robot: (12, 30, [0, 0, 0, 1]) Solution: [12, 30] [0, 0, 0, 1]
5 0.12791180610656738 Robot: (14, 18, [1, 0, 1, 0]) Solution: [14, 18] [1, 0, 1, 0]
5 0.12530970573425293 Robot: (6, 15, [1, 0, 0, 0]) Solution: [6, 15] [1, 0, 0, 0]
28 0.6646668910980225 Robot: (28, 37, [0, 0, 1, 0]) Solution: [28, 37] [0, 0, 1, 0]
6 0.14411544799804688 Robot: (26, 3, [1, 0, 0, 0]) Solution: [26, 3] [1, 0, 0, 0]
15 0.36002206802368164 Robot: (13, 18, [0, 0, 0, 1]) Solution: [13, 18] [0, 0, 0, 1]
6 0.15119552612304688 Robot: (28, 29, [1, 0, 1, 0]) Solution: [28, 29] [1, 0, 1, 0]
9 0.2185070514678955 Robot: (4, 27, [0, 0, 1, 0]) Solution: [4, 27] [0, 0, 1, 0]
2 0.05440497398376465 Robot: (19, 15, [1, 0, 1, 1]) Solution: [19, 15] [1, 0, 1, 1]
10 0.24291539192199707 Robot: (11, 7, [1, 0, 0, 1]) Solution: [11, 7] [1, 0, 0, 1]
11 0.2653493881225586 Robot: (27, 17, [0, 0, 0, 0]) Solution: [27, 17] [0, 0, 0, 0]
13 0.3115694522857666 Robot: (3, 33, [1, 0, 1, 0]) Solution: [3, 33] [1, 0, 1, 0]
2 0.052355051040649414 Robot: (7, 29, [0, 0, 0, 0]) Solution: [7, 29] [0, 0, 0, 0]
4 0.10086917877197266 Robot: (5, 32, [0, 0, 0, 1]) Solution: [5, 32] [0, 0, 0, 1]
7 0.1972215175628662 Robot: (14, 18, [1, 0, 1, 0]) Solution: [14, 18] [1, 0, 1, 0]
7 0.18841195106506348 Robot: (25, 7, [0, 0, 0, 0]) Solution: [25, 7] [0, 0, 0, 0]
3 0.0826406478881836 Robot: (19, 13, [0, 0, 1, 1]) Solution: [19, 13] [0, 0, 1, 1]
5 0.12572503089904785 Robot: (3, 22, [0, 0, 0, 0]) Solution: [3, 22] [0, 0, 0, 0]
3 0.11600828170776367 Robot: (21, 29, [0, 0, 1, 1]) Solution: [21, 29] [0, 0, 1, 1]
2 0.06514286994934082 Robot: (17, 15, [0, 1, 0, 0]) Solution: [17, 15] [0, 1, 0, 0]
7 0.22272229194641113 Robot: (25, 21, [1, 0, 1, 0]) Solution: [25, 21] [1, 0, 1, 0]
2 0.0845634937286377 Robot: (14, 18, [1, 0, 1, 0]) Solution: [14, 18] [1, 0, 1, 0]
4 0.20386910438537598 Robot: (28, 13, [1, 0, 1, 0]) Solution: [28, 13] [1, 0, 1, 0]
13 0.5944805145263672 Robot: (23, 35, [1, 0, 1, 0]) Solution: [23, 35] [1, 0, 1, 0]
15 0.38399434089660645 Robot: (1, 7, [0, 0, 0, 1]) Solution: [1, 7] [0, 0, 0, 1]
10 0.28040480613708496 Robot: (17, 24, [0, 1, 0, 1]) Solution: [17, 24] [0, 1, 0, 1]
34 0.9699075222015381 Robot: (25, 17, [0, 0, 1, 1]) Solution: [25, 17] [0, 0, 1, 1]
5 0.24159646034240723 Robot: (5, 23, [1, 0, 0, 1]) Solution: [5, 23] [1, 0, 0, 1]
5 0.14403033256530762 Robot: (29, 13, [0, 1, 0, 0]) Solution: [29, 13] [0, 1, 0, 0]
13 0.4626181125640869 Robot: (21, 7, [0, 0, 1, 0]) Solution: [21, 7] [0, 0, 1, 0]
3 0.0955972671508789 Robot: (6, 36, [1, 0, 0, 0]) Solution: [6, 36] [1, 0, 0, 0]
9 0.22345972061157227 Robot: (17, 5, [0, 1, 0, 1]) Solution: [17, 5] [0, 1, 0, 1]
8 0.20139551162719727 Robot: (10, 10, [1, 1, 0, 1]) Solution: [10, 10] [1, 1, 0, 1]
8 0.20292234420776367 Robot: (16, 12, [0, 0, 1, 0]) Solution: [16, 12] [0, 0, 1, 0]
3 0.07667088508605957 Robot: (21, 13, [0, 0, 0, 0]) Solution: [21, 13] [0, 0, 0, 0]
7 0.17023730278015137 Robot: (2, 13, [0, 0, 1, 0]) Solution: [2, 13] [0, 0, 1, 0]
3 0.07804608345031738 Robot: (27, 23, [0, 0, 0, 0]) Solution: [27, 23] [0, 0, 0, 0]
7 0.1801893711090088 Robot: (23, 27, [0, 0, 0, 0]) Solution: [23, 27] [0, 0, 0, 0]
10 0.28333330154418945 Robot: (30, 15, [1, 0, 0, 0]) Solution: [30, 15] [1, 0, 0, 0]
17 0.6216871738433838 Robot: (13, 19, [0, 1, 1, 0]) Solution: [13, 19] [0, 1, 1, 0]
8 0.23499321937561035 Robot: (29, 24, [0, 1, 0, 0]) Solution: [29, 24] [0, 1, 0, 0]
17 0.5205490589141846 Robot: (28, 17, [0, 0, 1, 0]) Solution: [28, 17] [0, 0, 1, 0]
57 1.5050294399261475 Robot: (20, 37, [1, 0, 1, 0]) Solution: [20, 37] [1, 0, 1, 0]
9 0.21572327613830566 Robot: (11, 23, [1, 0, 0, 0]) Solution: [11, 23] [1, 0, 0, 0]
4 0.10862898826599121 Robot: (8, 5, [0, 0, 1, 0]) Solution: [8, 5] [0, 0, 1, 0]
9 0.33318591117858887 Robot: (13, 27, [0, 0, 1, 1]) Solution: [13, 27] [0, 0, 1, 1]
22 0.5831329822540283 Robot: (4, 3, [1, 0, 1, 0]) Solution: [4, 3] [1, 0, 1, 0]
5 0.12909889221191406 Robot: (29, 21, [0, 0, 1, 1]) Solution: [29, 21] [0, 0, 1, 1]
28 0.972844123840332 Robot: (29, 35, [1, 0, 1, 0]) Solution: [29, 35] [1, 0, 1, 0]
10 0.29986023902893066 Robot: (30, 16, [0, 0, 0, 1]) Solution: [30, 16] [0, 0, 0, 1]
10 0.24718618392944336 Robot: (5, 32, [0, 0, 0, 1]) Solution: [5, 32] [0, 0, 0, 1]
5 0.12930703163146973 Robot: (5, 31, [1, 0, 0, 0]) Solution: [5, 31] [1, 0, 0, 0]
2 0.055428266525268555 Robot: (7, 9, [0, 0, 0, 0]) Solution: [7, 9] [0, 0, 0, 0]
5 0.17433547973632812 Robot: (23, 27, [0, 0, 0, 0]) Solution: [23, 27] [0, 0, 0, 0]
3 0.08340978622436523 Robot: (22, 17, [1, 0, 0, 0]) Solution: [22, 17] [1, 0, 0, 0]
8 0.22609162330627441 Robot: (12, 33, [1, 0, 1, 0]) Solution: [12, 33] [1, 0, 1, 0]
3 0.11404633522033691 Robot: (15, 28, [0, 1, 0, 0]) Solution: [15, 28] [0, 1, 0, 0]
6 0.1689774990081787 Robot: (31, 25, [0, 1, 1, 0]) Solution: [31, 25] [0, 1, 1, 0]
3 0.10312390327453613 Robot: (27, 5, [0, 1, 1, 0]) Solution: [27, 5] [0, 1, 1, 0]
8 0.2562425136566162 Robot: (8, 9, [0, 0, 1, 0]) Solution: [8, 9] [0, 0, 1, 0]
19 0.46445226669311523 Robot: (7, 33, [1, 0, 1, 0]) Solution: [7, 33] [1, 0, 1, 0]
8 0.19303011894226074 Robot: (11, 33, [0, 0, 1, 1]) Solution: [11, 33] [0, 0, 1, 1]
3 0.07633137702941895 Robot: (4, 26, [1, 1, 0, 0]) Solution: [4, 26] [1, 1, 0, 0]
3 0.07263517379760742 Robot: (8, 23, [1, 0, 0, 0]) Solution: [8, 23] [1, 0, 0, 0]
6 0.14394688606262207 Robot: (6, 17, [0, 0, 0, 0]) Solution: [6, 17] [0, 0, 0, 0]
5 0.12679028511047363 Robot: (11, 36, [0, 1, 0, 1]) Solution: [11, 36] [0, 1, 0, 1]
3 0.07320928573608398 Robot: (4, 22, [1, 1, 1, 0]) Solution: [4, 22] [1, 1, 1, 0]
7 0.1661522388458252 Robot: (23, 25, [0, 0, 0, 0]) Solution: [23, 25] [0, 0, 0, 0]
12 0.29450058937072754 Robot: (9, 7, [0, 1, 0, 0]) Solution: [9, 7] [0, 1, 0, 0]
8 0.20120620727539062 Robot: (1, 37, [0, 0, 1, 1]) Solution: [1, 37] [0, 0, 1, 1]
22 0.5426936149597168 Robot: (12, 13, [0, 0, 1, 0]) Solution: [12, 13] [0, 0, 1, 0]
2 0.050542354583740234 Robot: (7, 18, [0, 1, 0, 0]) Solution: [7, 18] [0, 1, 0, 0]
3 0.08002662658691406 Robot: (3, 9, [0, 1, 0, 0]) Solution: [3, 9] [0, 1, 0, 0]
15 0.3679788112640381 Robot: (11, 35, [1, 0, 0, 1]) Solution: [11, 35] [1, 0, 0, 1]
36 1.088782787322998 Robot: (9, 1, [1, 1, 0, 0]) Solution: [9, 1] [1, 1, 0, 0]
6 0.16342997550964355 Robot: (5, 36, [0, 0, 0, 0]) Solution: [5, 36] [0, 0, 0, 0]
18 0.4481973648071289 Robot: (9, 19, [0, 0, 1, 1]) Solution: [9, 19] [0, 0, 1, 1]
7 0.17238354682922363 Robot: (17, 27, [1, 0, 0, 1]) Solution: [17, 27] [1, 0, 0, 1]
6 0.15282559394836426 Robot: (4, 35, [1, 0, 0, 0]) Solution: [4, 35] [1, 0, 0, 0]
10 0.24582815170288086 Robot: (21, 33, [0, 0, 0, 0]) Solution: [21, 33] [0, 0, 0, 0]
6 0.1453080177307129 Robot: (31, 10, [0, 1, 0, 1]) Solution: [31, 10] [0, 1, 0, 1]
3 0.07432842254638672 Robot: (1, 12, [0, 0, 0, 1]) Solution: [1, 12] [0, 0, 0, 1]
4 0.1021885871887207 Robot: (22, 35, [1, 0, 1, 0]) Solution: [22, 35] [1, 0, 1, 0]
18 0.4497058391571045 Robot: (26, 32, [0, 0, 1, 1]) Solution: [26, 32] [0, 0, 1, 1]
8 0.2078568935394287 Robot: (15, 23, [0, 0, 0, 0]) Solution: [15, 23] [0, 0, 0, 0]
15 0.37163543701171875 Robot: (18, 17, [1, 0, 0, 0]) Solution: [18, 17] [1, 0, 0, 0]
2 0.05567574501037598 Robot: (15, 5, [1, 1, 0, 0]) Solution: [15, 5] [1, 1, 0, 0]
9 0.247572660446167 Robot: (13, 17, [0, 1, 0, 0]) Solution: [13, 17] [0, 1, 0, 0]
6 0.1576688289642334 Robot: (5, 25, [0, 0, 1, 1]) Solution: [5, 25] [0, 0, 1, 1]
17 0.4348583221435547 Robot: (10, 25, [1, 0, 1, 0]) Solution: [10, 25] [1, 0, 1, 0]
9 0.23231101036071777 Robot: (14, 18, [1, 0, 1, 0]) Solution: [14, 18] [1, 0, 1, 0]
21 0.5313160419464111 Robot: (26, 30, [0, 1, 0, 1]) Solution: [26, 30] [0, 1, 0, 1]
3 0.07677388191223145 Robot: (27, 4, [0, 1, 0, 0]) Solution: [27, 4] [0, 1, 0, 0]
5 0.12608909606933594 Robot: (30, 4, [0, 0, 0, 0]) Solution: [30, 4] [0, 0, 0, 0]
10 0.2487027645111084 Robot: (26, 9, [1, 0, 1, 0]) Solution: [26, 9] [1, 0, 1, 0]
6 0.1457202434539795 Robot: (20, 18, [0, 1, 0, 1]) Solution: [20, 18] [0, 1, 0, 1]
8 0.20418715476989746 Robot: (23, 29, [0, 0, 0, 0]) Solution: [23, 29] [0, 0, 0, 0]
10 0.24027228355407715 Robot: (19, 25, [0, 0, 0, 0]) Solution: [19, 25] [0, 0, 0, 0]
8 0.20104360580444336 Robot: (21, 21, [1, 0, 0, 0]) Solution: [21, 21] [1, 0, 0, 0]
13 0.326124906539917 Robot: (27, 21, [1, 1, 0, 0]) Solution: [27, 21] [1, 1, 0, 0]
4 0.10057497024536133 Robot: (13, 13, [1, 0, 1, 0]) Solution: [13, 13] [1, 0, 1, 0]
26 0.6432909965515137 Robot: (31, 21, [0, 1, 0, 0]) Solution: [31, 21] [0, 1, 0, 0]
6 0.1450192928314209 Robot: (21, 29, [0, 0, 1, 1]) Solution: [21, 29] [0, 0, 1, 1]
15 0.3552591800689697 Robot: (9, 17, [0, 1, 0, 1]) Solution: [9, 17] [0, 1, 0, 1]
3 0.07546353340148926 Robot: (5, 11, [0, 0, 1, 1]) Solution: [5, 11] [0, 0, 1, 1]
10 0.2528517246246338 Robot: (21, 3, [0, 1, 1, 0]) Solution: [21, 3] [0, 1, 1, 0]
23 0.6020233631134033 Robot: (20, 3, [1, 0, 0, 0]) Solution: [20, 3] [1, 0, 0, 0]
11 0.266010046005249 Robot: (1, 36, [0, 1, 0, 1]) Solution: [1, 36] [0, 1, 0, 1]
6 0.14208459854125977 Robot: (30, 15, [1, 0, 0, 0]) Solution: [30, 15] [1, 0, 0, 0]
7 0.17264962196350098 Robot: (12, 35, [1, 0, 1, 0]) Solution: [12, 35] [1, 0, 1, 0]
5 0.1183161735534668 Robot: (24, 19, [1, 0, 0, 0]) Solution: [24, 19] [1, 0, 0, 0]
3 0.073455810546875 Robot: (7, 18, [0, 1, 0, 0]) Solution: [7, 18] [0, 1, 0, 0]
5 0.12125182151794434 Robot: (9, 27, [1, 0, 0, 1]) Solution: [9, 27] [1, 0, 0, 1]
5 0.12351751327514648 Robot: (19, 29, [0, 1, 0, 0]) Solution: [19, 29] [0, 1, 0, 0]
8 0.19358277320861816 Robot: (29, 35, [1, 0, 1, 0]) Solution: [29, 35] [1, 0, 1, 0]
3 0.07381820678710938 Robot: (27, 19, [0, 1, 1, 0]) Solution: [27, 19] [0, 1, 1, 0]
3 0.07285547256469727 Robot: (9, 5, [0, 0, 0, 0]) Solution: [9, 5] [0, 0, 0, 0]
4 0.09805107116699219 Robot: (17, 21, [1, 0, 0, 0]) Solution: [17, 21] [1, 0, 0, 0]
5 0.13104462623596191 Robot: (23, 9, [0, 1, 0, 0]) Solution: [23, 9] [0, 1, 0, 0]
3 0.08130073547363281 Robot: (9, 5, [0, 0, 0, 0]) Solution: [9, 5] [0, 0, 0, 0]
2 0.057666778564453125 Robot: (27, 17, [0, 0, 0, 0]) Solution: [27, 17] [0, 0, 0, 0]
18 0.4859623908996582 Robot: (3, 21, [0, 1, 0, 0]) Solution: [3, 21] [0, 1, 0, 0]
7 0.1902933120727539 Robot: (29, 1, [1, 0, 0, 0]) Solution: [29, 1] [1, 0, 0, 0]
7 0.16948246955871582 Robot: (19, 27, [0, 0, 0, 0]) Solution: [19, 27] [0, 0, 0, 0]
3 0.07219433784484863 Robot: (22, 13, [1, 0, 1, 0]) Solution: [22, 13] [1, 0, 1, 0]
9 0.21814727783203125 Robot: (23, 23, [1, 0, 0, 0]) Solution: [23, 23] [1, 0, 0, 0]
5 0.12131404876708984 Robot: (13, 21, [1, 0, 0, 0]) Solution: [13, 21] [1, 0, 0, 0]
3 0.07619428634643555 Robot: (3, 19, [1, 0, 0, 0]) Solution: [3, 19] [1, 0, 0, 0]
4 0.09811115264892578 Robot: (21, 5, [1, 0, 0, 0]) Solution: [21, 5] [1, 0, 0, 0]
18 0.438554048538208 Robot: (1, 29, [0, 0, 0, 1]) Solution: [1, 29] [0, 0, 0, 1]
5 0.12443947792053223 Robot: (19, 25, [0, 0, 0, 0]) Solution: [19, 25] [0, 0, 0, 0]
4 0.0986013412475586 Robot: (31, 13, [0, 1, 0, 1]) Solution: [31, 13] [0, 1, 0, 1]
11 0.28908252716064453 Robot: (19, 33, [1, 0, 1, 0]) Solution: [19, 33] [1, 0, 1, 0]
24 0.5636417865753174 Robot: (13, 2, [0, 0, 0, 1]) Solution: [13, 2] [0, 0, 0, 1]
5 0.1249241828918457 Robot: (24, 26, [0, 0, 0, 0]) Solution: [24, 26] [0, 0, 0, 0]
4 0.09923744201660156 Robot: (29, 35, [1, 0, 1, 0]) Solution: [29, 35] [1, 0, 1, 0]
6 0.14241290092468262 Robot: (21, 25, [0, 0, 1, 0]) Solution: [21, 25] [0, 0, 1, 0]
11 0.26790308952331543 Robot: (29, 3, [0, 0, 0, 1]) Solution: [29, 3] [0, 0, 0, 1]
3 0.07361507415771484 Robot: (25, 7, [0, 0, 0, 0]) Solution: [25, 7] [0, 0, 0, 0]
7 0.16643357276916504 Robot: (22, 24, [0, 0, 0, 0]) Solution: [22, 24] [0, 0, 0, 0]
7 0.1696467399597168 Robot: (7, 31, [0, 0, 1, 0]) Solution: [7, 31] [0, 0, 1, 0]
13 0.31320881843566895 Robot: (23, 35, [1, 0, 1, 0]) Solution: [23, 35] [1, 0, 1, 0]
23 0.5608973503112793 Robot: (23, 3, [0, 1, 1, 1]) Solution: [23, 3] [0, 1, 1, 1]
5 0.13507080078125 Robot: (3, 22, [0, 0, 0, 0]) Solution: [3, 22] [0, 0, 0, 0]
6 0.14285826683044434 Robot: (10, 5, [1, 0, 1, 0]) Solution: [10, 5] [1, 0, 1, 0]
11 0.265841007232666 Robot: (31, 19, [0, 1, 0, 0]) Solution: [31, 19] [0, 1, 0, 0]
21 0.49944305419921875 Robot: (28, 34, [1, 1, 0, 0]) Solution: [28, 34] [1, 1, 0, 0]
29 0.6924996376037598 Robot: (20, 9, [1, 0, 0, 0]) Solution: [20, 9] [1, 0, 0, 0]
2 0.05165243148803711 Robot: (11, 27, [0, 1, 0, 0]) Solution: [11, 27] [0, 1, 0, 0]
10 0.24727368354797363 Robot: (12, 22, [0, 0, 0, 1]) Solution: [12, 22] [0, 0, 0, 1]
27 0.6394588947296143 Robot: (30, 15, [1, 0, 0, 0]) Solution: [30, 15] [1, 0, 0, 0]
20 0.47669386863708496 Robot: (10, 32, [1, 0, 1, 1]) Solution: [10, 32] [1, 0, 1, 1]
4 0.09807777404785156 Robot: (10, 8, [1, 0, 1, 0]) Solution: [10, 8] [1, 0, 1, 0]
7 0.17058181762695312 Robot: (13, 21, [1, 0, 0, 0]) Solution: [13, 21] [1, 0, 0, 0]
9 0.23592400550842285 Robot: (2, 19, [0, 0, 1, 0]) Solution: [2, 19] [0, 0, 1, 0]
3 0.07678389549255371 Robot: (27, 4, [0, 1, 0, 0]) Solution: [27, 4] [0, 1, 0, 0]
14 0.3373420238494873 Robot: (31, 10, [0, 1, 0, 1]) Solution: [31, 10] [0, 1, 0, 1]
3 0.07625150680541992 Robot: (6, 27, [1, 0, 0, 0]) Solution: [6, 27] [1, 0, 0, 0]
11 0.26062941551208496 Robot: (21, 33, [0, 0, 0, 0]) Solution: [21, 33] [0, 0, 0, 0]
4 0.09906959533691406 Robot: (28, 25, [0, 0, 0, 0]) Solution: [28, 25] [0, 0, 0, 0]
5 0.12656068801879883 Robot: (14, 30, [0, 0, 0, 0]) Solution: [14, 30] [0, 0, 0, 0]
6 0.15220379829406738 Robot: (27, 21, [1, 1, 0, 0]) Solution: [27, 21] [1, 1, 0, 0]
13 0.31024765968322754 Robot: (19, 27, [0, 0, 0, 0]) Solution: [19, 27] [0, 0, 0, 0]
7 0.17207622528076172 Robot: (23, 5, [1, 0, 1, 0]) Solution: [23, 5] [1, 0, 1, 0]
28 0.6727988719940186 Robot: (15, 33, [0, 1, 0, 1]) Solution: [15, 33] [0, 1, 0, 1]
7 0.17027068138122559 Robot: (21, 23, [0, 0, 0, 0]) Solution: [21, 23] [0, 0, 0, 0]
4 0.1091461181640625 Robot: (5, 33, [0, 0, 0, 0]) Solution: [5, 33] [0, 0, 0, 0]
9 0.23254966735839844 Robot: (7, 7, [1, 0, 0, 0]) Solution: [7, 7] [1, 0, 0, 0]
8 0.25183987617492676 Robot: (16, 12, [0, 0, 1, 0]) Solution: [16, 12] [0, 0, 1, 0]
2 0.0702366828918457 Robot: (1, 5, [0, 0, 0, 1]) Solution: [1, 5] [0, 0, 0, 1]
5 0.1965932846069336 Robot: (14, 28, [0, 0, 0, 1]) Solution: [14, 28] [0, 0, 0, 1]
7 0.33100342750549316 Robot: (6, 17, [0, 0, 0, 0]) Solution: [6, 17] [0, 0, 0, 0]
3 0.13512134552001953 Robot: (1, 35, [0, 0, 0, 1]) Solution: [1, 35] [0, 0, 0, 1]
7 0.2034893035888672 Robot: (4, 13, [0, 0, 0, 0]) Solution: [4, 13] [0, 0, 0, 0]
21 0.5088880062103271 Robot: (16, 1, [1, 0, 1, 0]) Solution: [16, 1] [1, 0, 1, 0]
18 0.5359251499176025 Robot: (12, 13, [0, 0, 1, 0]) Solution: [12, 13] [0, 0, 1, 0]
2 0.05438351631164551 Robot: (9, 8, [0, 0, 0, 0]) Solution: [9, 8] [0, 0, 0, 0]
24 0.6176004409790039 Robot: (25, 16, [0, 1, 0, 0]) Solution: [25, 16] [0, 1, 0, 0]
3 0.07736063003540039 Robot: (1, 27, [0, 1, 0, 1]) Solution: [1, 27] [0, 1, 0, 1]
8 0.19171524047851562 Robot: (29, 4, [0, 0, 0, 1]) Solution: [29, 4] [0, 0, 0, 1]
83 1.970569133758545 Robot: (11, 37, [0, 0, 1, 0]) Solution: [11, 37] [0, 0, 1, 0]
3 0.07321763038635254 Robot: (6, 15, [1, 0, 0, 0]) Solution: [6, 15] [1, 0, 0, 0]
9 0.22015762329101562 Robot: (31, 14, [0, 1, 0, 1]) Solution: [31, 14] [0, 1, 0, 1]
4 0.10220098495483398 Robot: (27, 3, [1, 1, 0, 0]) Solution: [27, 3] [1, 1, 0, 0]
6 0.14693808555603027 Robot: (31, 10, [0, 1, 0, 1]) Solution: [31, 10] [0, 1, 0, 1]
6 0.1440129280090332 Robot: (21, 27, [1, 0, 0, 0]) Solution: [21, 27] [1, 0, 0, 0]
8 0.1887214183807373 Robot: (5, 19, [0, 1, 0, 0]) Solution: [5, 19] [0, 1, 0, 0]
4 0.09916520118713379 Robot: (4, 13, [0, 0, 0, 0]) Solution: [4, 13] [0, 0, 0, 0]
13 0.31254005432128906 Robot: (13, 35, [0, 1, 1, 0]) Solution: [13, 35] [0, 1, 1, 0]
12 0.287372350692749 Robot: (23, 19, [1, 0, 1, 0]) Solution: [23, 19] [1, 0, 1, 0]
6 0.17235445976257324 Robot: (5, 19, [0, 1, 0, 0]) Solution: [5, 19] [0, 1, 0, 0]
29 0.7961723804473877 Robot: (21, 34, [0, 1, 0, 1]) Solution: [21, 34] [0, 1, 0, 1]
9 0.2272789478302002 Robot: (29, 35, [1, 0, 1, 0]) Solution: [29, 35] [1, 0, 1, 0]
19 0.6285092830657959 Robot: (7, 33, [1, 0, 1, 0]) Solution: [7, 33] [1, 0, 1, 0]
14 0.45269155502319336 Robot: (5, 11, [0, 0, 1, 1]) Solution: [5, 11] [0, 0, 1, 1]
3 0.0913076400756836 Robot: (14, 29, [0, 0, 0, 0]) Solution: [14, 29] [0, 0, 0, 0]
6 0.1628704071044922 Robot: (1, 13, [0, 0, 1, 1]) Solution: [1, 13] [0, 0, 1, 1]
12 0.41873621940612793 Robot: (9, 4, [0, 1, 0, 0]) Solution: [9, 4] [0, 1, 0, 0]
6 0.35641908645629883 Robot: (3, 23, [0, 1, 0, 0]) Solution: [3, 23] [0, 1, 0, 0]
7 0.44879865646362305 Robot: (15, 33, [0, 1, 0, 1]) Solution: [15, 33] [0, 1, 0, 1]
5 0.266284704208374 Robot: (21, 21, [1, 0, 0, 0]) Solution: [21, 21] [1, 0, 0, 0]
1 0.055174827575683594 Robot: (1, 16, [0, 0, 0, 1]) Solution: [1, 16] [0, 0, 0, 1]
4 0.1933591365814209 Robot: (15, 31, [0, 0, 0, 0]) Solution: [15, 31] [0, 0, 0, 0]
8 0.43196606636047363 Robot: (14, 2, [1, 0, 1, 0]) Solution: [14, 2] [1, 0, 1, 0]
8 0.4129598140716553 Robot: (29, 19, [0, 0, 0, 1]) Solution: [29, 19] [0, 0, 0, 1]
1 0.03608822822570801 Robot: (14, 20, [1, 0, 0, 1]) Solution: [14, 20] [1, 0, 0, 1]
3 0.18468546867370605 Robot: (23, 23, [1, 0, 0, 0]) Solution: [23, 23] [1, 0, 0, 0]
7 0.4054262638092041 Robot: (1, 26, [0, 0, 0, 1]) Solution: [1, 26] [0, 0, 0, 1]
4 0.09798741340637207 Robot: (7, 29, [0, 0, 0, 0]) Solution: [7, 29] [0, 0, 0, 0]
7 0.17160487174987793 Robot: (21, 29, [0, 0, 1, 1]) Solution: [21, 29] [0, 0, 1, 1]
13 0.319857120513916 Robot: (12, 35, [1, 0, 1, 0]) Solution: [12, 35] [1, 0, 1, 0]
10 0.24835968017578125 Robot: (25, 5, [1, 0, 0, 0]) Solution: [25, 5] [1, 0, 0, 0]
19 0.5546088218688965 Robot: (16, 11, [1, 0, 0, 0]) Solution: [16, 11] [1, 0, 0, 0]
4 0.09921097755432129 Robot: (15, 30, [0, 0, 0, 0]) Solution: [15, 30] [0, 0, 0, 0]
11 0.270557165145874 Robot: (30, 6, [0, 0, 0, 1]) Solution: [30, 6] [0, 0, 0, 1]
5 0.12470483779907227 Robot: (8, 8, [0, 0, 0, 0]) Solution: [8, 8] [0, 0, 0, 0]
14 0.34139084815979004 Robot: (6, 36, [1, 0, 0, 0]) Solution: [6, 36] [1, 0, 0, 0]
6 0.14977550506591797 Robot: (27, 23, [0, 0, 0, 0]) Solution: [27, 23] [0, 0, 0, 0]
6 0.14143896102905273 Robot: (31, 10, [0, 1, 0, 1]) Solution: [31, 10] [0, 1, 0, 1]
6 0.149017333984375 Robot: (5, 19, [0, 1, 0, 0]) Solution: [5, 19] [0, 1, 0, 0]
2 0.053827762603759766 Robot: (12, 30, [0, 0, 0, 1]) Solution: [12, 30] [0, 0, 0, 1]
9 0.21956443786621094 Robot: (14, 27, [0, 0, 0, 0]) Solution: [14, 27] [0, 0, 0, 0]
4 0.11097288131713867 Robot: (15, 19, [0, 0, 0, 1]) Solution: [15, 19] [0, 0, 0, 1]
26 1.3776650428771973 Robot: (23, 35, [1, 0, 1, 0]) Solution: [23, 35] [1, 0, 1, 0]
19 0.7634317874908447 Robot: (18, 31, [0, 0, 0, 0]) Solution: [18, 31] [0, 0, 0, 0]
7 0.22283244132995605 Robot: (20, 3, [1, 0, 0, 0]) Solution: [20, 3] [1, 0, 0, 0]
5 0.2267301082611084 Robot: (29, 15, [0, 0, 1, 0]) Solution: [29, 15] [0, 0, 1, 0]
6 0.285724401473999 Robot: (24, 19, [1, 0, 0, 0]) Solution: [24, 19] [1, 0, 0, 0]
20 0.8628251552581787 Robot: (21, 35, [0, 0, 0, 0]) Solution: [21, 35] [0, 0, 0, 0]
8 0.2127976417541504 Robot: (7, 8, [0, 0, 0, 1]) Solution: [7, 8] [0, 0, 0, 1]
8 0.21425127983093262 Robot: (17, 13, [0, 1, 0, 1]) Solution: [17, 13] [0, 1, 0, 1]
20 0.5926408767700195 Robot: (27, 12, [0, 1, 0, 1]) Solution: [27, 12] [0, 1, 0, 1]
10 0.3034050464630127 Robot: (9, 9, [0, 1, 1, 0]) Solution: [9, 9] [0, 1, 1, 0]
8 0.1925971508026123 Robot: (1, 25, [0, 0, 0, 1]) Solution: [1, 25] [0, 0, 0, 1]
5 0.12793779373168945 Robot: (31, 11, [0, 1, 0, 1]) Solution: [31, 11] [0, 1, 0, 1]
3 0.07161355018615723 Robot: (17, 5, [0, 1, 0, 1]) Solution: [17, 5] [0, 1, 0, 1]
5 0.12286686897277832 Robot: (23, 23, [1, 0, 0, 0]) Solution: [23, 23] [1, 0, 0, 0]
6 0.24539899826049805 Robot: (13, 23, [0, 0, 1, 0]) Solution: [13, 23] [0, 0, 1, 0]
2 0.08472132682800293 Robot: (1, 3, [0, 0, 0, 1]) Solution: [1, 3] [0, 0, 0, 1]
9 0.25771188735961914 Robot: (12, 23, [0, 0, 1, 0]) Solution: [12, 23] [0, 0, 1, 0]
6 0.16552305221557617 Robot: (17, 31, [1, 0, 0, 0]) Solution: [17, 31] [1, 0, 0, 0]
4 0.10234904289245605 Robot: (6, 7, [0, 0, 1, 0]) Solution: [6, 7] [0, 0, 1, 0]
7 0.22533130645751953 Robot: (23, 16, [0, 0, 0, 1]) Solution: [23, 16] [0, 0, 0, 1]
20 1.0880229473114014 Robot: (1, 15, [1, 0, 0, 1]) Solution: [1, 15] [1, 0, 0, 1]
16 0.5752596855163574 Robot: (5, 1, [1, 0, 0, 0]) Solution: [5, 1] [1, 0, 0, 0]
11 0.31762099266052246 Robot: (29, 17, [1, 0, 0, 0]) Solution: [29, 17] [1, 0, 0, 0]
13 0.3681209087371826 Robot: (10, 10, [1, 1, 0, 1]) Solution: [10, 10] [1, 1, 0, 1]
4 0.11284470558166504 Robot: (4, 33, [1, 0, 1, 0]) Solution: [4, 33] [1, 0, 1, 0]
3 0.08144164085388184 Robot: (3, 9, [0, 1, 0, 0]) Solution: [3, 9] [0, 1, 0, 0]
6 0.16258978843688965 Robot: (15, 5, [1, 1, 0, 0]) Solution: [15, 5] [1, 1, 0, 0]
8 0.3390622138977051 Robot: (26, 19, [1, 0, 0, 0]) Solution: [26, 19] [1, 0, 0, 0]
13 0.5757362842559814 Robot: (7, 3, [0, 1, 0, 1]) Solution: [7, 3] [0, 1, 0, 1]
4 0.10205435752868652 Robot: (23, 27, [0, 0, 0, 0]) Solution: [23, 27] [0, 0, 0, 0]
3 0.07705044746398926 Robot: (28, 34, [1, 1, 0, 0]) Solution: [28, 34] [1, 1, 0, 0]
9 0.22930383682250977 Robot: (17, 17, [0, 0, 1, 1]) Solution: [17, 17] [0, 0, 1, 1]
3 0.0944828987121582 Robot: (18, 14, [1, 1, 1, 0]) Solution: [18, 14] [1, 1, 1, 0]
8 0.1934652328491211 Robot: (15, 7, [0, 0, 1, 0]) Solution: [15, 7] [0, 0, 1, 0]
6 0.18973493576049805 Robot: (3, 22, [0, 0, 0, 0]) Solution: [3, 22] [0, 0, 0, 0]
20 0.5357670783996582 Robot: (25, 2, [0, 1, 0, 0]) Solution: [25, 2] [0, 1, 0, 0]
7 0.19597911834716797 Robot: (26, 4, [0, 0, 0, 1]) Solution: [26, 4] [0, 0, 0, 1]
5 0.14889764785766602 Robot: (1, 33, [1, 0, 0, 1]) Solution: [1, 33] [1, 0, 0, 1]
8 0.19295668601989746 Robot: (12, 12, [0, 1, 0, 1]) Solution: [12, 12] [0, 1, 0, 1]
6 0.15273594856262207 Robot: (17, 22, [0, 1, 0, 1]) Solution: [17, 22] [0, 1, 0, 1]
2 0.05703163146972656 Robot: (1, 29, [0, 0, 0, 1]) Solution: [1, 29] [0, 0, 0, 1]
4 0.12345314025878906 Robot: (3, 7, [1, 1, 0, 0]) Solution: [3, 7] [1, 1, 0, 0]
3 0.07887434959411621 Robot: (27, 12, [0, 1, 0, 1]) Solution: [27, 12] [0, 1, 0, 1]
10 0.2592606544494629 Robot: (1, 12, [0, 0, 0, 1]) Solution: [1, 12] [0, 0, 0, 1]
11 0.2969329357147217 Robot: (4, 35, [1, 0, 0, 0]) Solution: [4, 35] [1, 0, 0, 0]
2 0.06121468544006348 Robot: (3, 7, [1, 1, 0, 0]) Solution: [3, 7] [1, 1, 0, 0]
17 0.4495260715484619 Robot: (25, 33, [1, 1, 0, 0]) Solution: [25, 33] [1, 1, 0, 0]
2 0.05241107940673828 Robot: (15, 29, [0, 0, 0, 0]) Solution: [15, 29] [0, 0, 0, 0]
2 0.055594682693481445 Robot: (10, 34, [1, 1, 1, 0]) Solution: [10, 34] [1, 1, 1, 0]
10 0.258436918258667 Robot: (12, 22, [0, 0, 0, 1]) Solution: [12, 22] [0, 0, 0, 1]
6 0.14942383766174316 Robot: (29, 31, [1, 0, 1, 0]) Solution: [29, 31] [1, 0, 1, 0]
3 0.08369708061218262 Robot: (5, 11, [0, 0, 1, 1]) Solution: [5, 11] [0, 0, 1, 1]
3 0.10165143013000488 Robot: (28, 31, [1, 0, 0, 0]) Solution: [28, 31] [1, 0, 0, 0]
10 0.30399227142333984 Robot: (2, 35, [1, 0, 1, 0]) Solution: [2, 35] [1, 0, 1, 0]
8 0.21828317642211914 Robot: (22, 35, [1, 0, 1, 0]) Solution: [22, 35] [1, 0, 1, 0]
6 0.25571608543395996 Robot: (16, 31, [0, 0, 0, 0]) Solution: [16, 31] [0, 0, 0, 0]
5 0.1223747730255127 Robot: (17, 17, [0, 0, 1, 1]) Solution: [17, 17] [0, 0, 1, 1]
11 0.41210103034973145 Robot: (30, 5, [0, 0, 0, 0]) Solution: [30, 5] [0, 0, 0, 0]
5 0.13310575485229492 Robot: (23, 17, [0, 1, 1, 0]) Solution: [23, 17] [0, 1, 1, 0]
1 0.028662681579589844 Robot: (4, 12, [1, 1, 0, 1]) Solution: [4, 12] [1, 1, 0, 1]
7 0.26520442962646484 Robot: (5, 36, [0, 0, 0, 0]) Solution: [5, 36] [0, 0, 0, 0]
6 0.15111279487609863 Robot: (22, 25, [0, 0, 1, 0]) Solution: [22, 25] [0, 0, 1, 0]
19 0.667069673538208 Robot: (5, 24, [0, 1, 0, 0]) Solution: [5, 24] [0, 1, 0, 0]
2 0.0697472095489502 Robot: (13, 9, [0, 0, 1, 0]) Solution: [13, 9] [0, 0, 1, 0]
3 0.07972502708435059 Robot: (12, 29, [0, 0, 0, 0]) Solution: [12, 29] [0, 0, 0, 0]
3 0.08404874801635742 Robot: (13, 22, [0, 1, 0, 0]) Solution: [13, 22] [0, 1, 0, 0]
3 0.15948963165283203 Robot: (8, 2, [0, 0, 1, 0]) Solution: [8, 2] [0, 0, 1, 0]
5 0.13954710960388184 Robot: (15, 7, [0, 0, 1, 0]) Solution: [15, 7] [0, 0, 1, 0]
8 0.29488444328308105 Robot: (15, 5, [1, 1, 0, 0]) Solution: [15, 5] [1, 1, 0, 0]
3 0.07700467109680176 Robot: (15, 7, [0, 0, 1, 0]) Solution: [15, 7] [0, 0, 1, 0]
10 0.25995874404907227 Robot: (29, 20, [0, 1, 0, 1]) Solution: [29, 20] [0, 1, 0, 1]
2 0.056559085845947266 Robot: (26, 32, [0, 0, 1, 1]) Solution: [26, 32] [0, 0, 1, 1]
6 0.1501920223236084 Robot: (23, 16, [0, 0, 0, 1]) Solution: [23, 16] [0, 0, 0, 1]
5 0.12558722496032715 Robot: (13, 1, [1, 1, 0, 0]) Solution: [13, 1] [1, 1, 0, 0]
4 0.10498666763305664 Robot: (3, 23, [0, 1, 0, 0]) Solution: [3, 23] [0, 1, 0, 0]
12 0.46422815322875977 Robot: (3, 35, [1, 0, 1, 0]) Solution: [3, 35] [1, 0, 1, 0]
6 0.15450334548950195 Robot: (20, 19, [0, 0, 1, 0]) Solution: [20, 19] [0, 0, 1, 0]
4 0.09616208076477051 Robot: (1, 5, [0, 0, 0, 1]) Solution: [1, 5] [0, 0, 0, 1]
5 0.13176679611206055 Robot: (27, 5, [0, 1, 1, 0]) Solution: [27, 5] [0, 1, 1, 0]
1 0.03307032585144043 Robot: (20, 9, [1, 0, 0, 0]) Solution: [20, 9] [1, 0, 0, 0]
8 0.23192286491394043 Robot: (3, 33, [1, 0, 1, 0]) Solution: [3, 33] [1, 0, 1, 0]
4 0.11855936050415039 Robot: (20, 3, [1, 0, 0, 0]) Solution: [20, 3] [1, 0, 0, 0]
3 0.10294890403747559 Robot: (2, 11, [0, 0, 0, 0]) Solution: [2, 11] [0, 0, 0, 0]
14 0.4479243755340576 Robot: (9, 17, [0, 1, 0, 1]) Solution: [9, 17] [0, 1, 0, 1]
5 0.13399338722229004 Robot: (12, 9, [1, 0, 0, 0]) Solution: [12, 9] [1, 0, 0, 0]
6 0.24977326393127441 Robot: (23, 15, [1, 0, 0, 1]) Solution: [23, 15] [1, 0, 0, 1]
6 0.20863819122314453 Robot: (31, 37, [0, 1, 1, 0]) Solution: [31, 37] [0, 1, 1, 0]
4 0.10430598258972168 Robot: (3, 24, [0, 0, 0, 1]) Solution: [3, 24] [0, 0, 0, 1]
2 0.05419588088989258 Robot: (13, 25, [1, 0, 0, 1]) Solution: [13, 25] [1, 0, 0, 1]
9 0.23709940910339355 Robot: (5, 35, [0, 1, 0, 0]) Solution: [5, 35] [0, 1, 0, 0]
1 0.03199934959411621 Robot: (20, 9, [1, 0, 0, 0]) Solution: [20, 9] [1, 0, 0, 0]
5 0.1213676929473877 Robot: (11, 9, [0, 0, 1, 1]) Solution: [11, 9] [0, 0, 1, 1]
8 0.20677852630615234 Robot: (14, 16, [0, 0, 1, 0]) Solution: [14, 16] [0, 0, 1, 0]
6 0.19841933250427246 Robot: (25, 16, [0, 1, 0, 0]) Solution: [25, 16] [0, 1, 0, 0]
4 0.11914229393005371 Robot: (10, 32, [1, 0, 1, 1]) Solution: [10, 32] [1, 0, 1, 1]
7 0.24546384811401367 Robot: (25, 7, [0, 0, 0, 0]) Solution: [25, 7] [0, 0, 0, 0]
10 0.3275139331817627 Robot: (11, 7, [1, 0, 0, 1]) Solution: [11, 7] [1, 0, 0, 1]
4 0.12828969955444336 Robot: (6, 6, [1, 1, 0, 0]) Solution: [6, 6] [1, 1, 0, 0]
6 0.19881248474121094 Robot: (27, 12, [0, 1, 0, 1]) Solution: [27, 12] [0, 1, 0, 1]
10 0.28240251541137695 Robot: (19, 11, [1, 1, 0, 0]) Solution: [19, 11] [1, 1, 0, 0]
17 0.5674715042114258 Robot: (18, 17, [1, 0, 0, 0]) Solution: [18, 17] [1, 0, 0, 0]
3 0.13428521156311035 Robot: (11, 3, [0, 1, 1, 0]) Solution: [11, 3] [0, 1, 1, 0]
3 0.12137198448181152 Robot: (15, 27, [1, 1, 0, 0]) Solution: [15, 27] [1, 1, 0, 0]
2 0.0542452335357666 Robot: (22, 25, [0, 0, 1, 0]) Solution: [22, 25] [0, 0, 1, 0]
8 0.23992395401000977 Robot: (31, 20, [0, 1, 0, 1]) Solution: [31, 20] [0, 1, 0, 1]
13 0.3676156997680664 Robot: (25, 7, [0, 0, 0, 0]) Solution: [25, 7] [0, 0, 0, 0]
10 0.334122896194458 Robot: (1, 33, [1, 0, 0, 1]) Solution: [1, 33] [1, 0, 0, 1]
11 0.6444969177246094 Robot: (1, 17, [0, 1, 0, 1]) Solution: [1, 17] [0, 1, 0, 1]
4 0.1874377727508545 Robot: (19, 23, [0, 0, 0, 1]) Solution: [19, 23] [0, 0, 0, 1]
20 0.5903196334838867 Robot: (25, 15, [1, 0, 0, 0]) Solution: [25, 15] [1, 0, 0, 0]
6 0.1674034595489502 Robot: (25, 11, [1, 0, 0, 1]) Solution: [25, 11] [1, 0, 0, 1]
4 0.13884210586547852 Robot: (13, 9, [0, 0, 1, 0]) Solution: [13, 9] [0, 0, 1, 0]
4 0.1781754493713379 Robot: (31, 37, [0, 1, 1, 0]) Solution: [31, 37] [0, 1, 1, 0]
8 0.20456266403198242 Robot: (10, 11, [0, 0, 1, 0]) Solution: [10, 11] [0, 0, 1, 0]
2 0.05437064170837402 Robot: (28, 10, [1, 0, 1, 1]) Solution: [28, 10] [1, 0, 1, 1]
9 0.4016456604003906 Robot: (10, 21, [1, 0, 0, 0]) Solution: [10, 21] [1, 0, 0, 0]
7 0.2921304702758789 Robot: (5, 19, [0, 1, 0, 0]) Solution: [5, 19] [0, 1, 0, 0]
7 0.18037676811218262 Robot: (8, 9, [0, 0, 1, 0]) Solution: [8, 9] [0, 0, 1, 0]
13 0.4060981273651123 Robot: (21, 37, [0, 0, 1, 0]) Solution: [21, 37] [0, 0, 1, 0]
5 0.13196706771850586 Robot: (8, 33, [1, 0, 0, 0]) Solution: [8, 33] [1, 0, 0, 0]
10 0.4553804397583008 Robot: (3, 9, [0, 1, 0, 0]) Solution: [3, 9] [0, 1, 0, 0]
9 0.4529407024383545 Robot: (9, 33, [1, 1, 0, 0]) Solution: [9, 33] [1, 1, 0, 0]
8 0.3962860107421875 Robot: (1, 29, [0, 0, 0, 1]) Solution: [1, 29] [0, 0, 0, 1]
9 0.24250125885009766 Robot: (11, 25, [0, 1, 0, 0]) Solution: [11, 25] [0, 1, 0, 0]
2 0.058484792709350586 Robot: (5, 29, [1, 0, 1, 0]) Solution: [5, 29] [1, 0, 1, 0]
4 0.16223430633544922 Robot: (5, 19, [0, 1, 0, 0]) Solution: [5, 19] [0, 1, 0, 0]
13 0.37944912910461426 Robot: (17, 27, [1, 0, 0, 1]) Solution: [17, 27] [1, 0, 0, 1]
15 0.37995028495788574 Robot: (12, 9, [1, 0, 0, 0]) Solution: [12, 9] [1, 0, 0, 0]
4 0.10478091239929199 Robot: (31, 7, [0, 1, 0, 0]) Solution: [31, 7] [0, 1, 0, 0]
7 0.1853024959564209 Robot: (7, 5, [0, 0, 1, 1]) Solution: [7, 5] [0, 0, 1, 1]
4 0.10540413856506348 Robot: (3, 23, [0, 1, 0, 0]) Solution: [3, 23] [0, 1, 0, 0]
5 0.18847393989562988 Robot: (24, 10, [1, 1, 1, 0]) Solution: [24, 10] [1, 1, 1, 0]
11 0.2765066623687744 Robot: (24, 10, [1, 1, 1, 0]) Solution: [24, 10] [1, 1, 1, 0]
26 0.9301726818084717 Robot: (13, 3, [0, 1, 0, 1]) Solution: [13, 3] [0, 1, 0, 1]
9 0.22352933883666992 Robot: (2, 18, [1, 1, 0, 0]) Solution: [2, 18] [1, 1, 0, 0]
27 0.6674692630767822 Robot: (23, 31, [0, 0, 1, 1]) Solution: [23, 31] [0, 0, 1, 1]
8 0.21275806427001953 Robot: (17, 11, [1, 0, 0, 0]) Solution: [17, 11] [1, 0, 0, 0]
5 0.13695049285888672 Robot: (15, 31, [0, 0, 0, 0]) Solution: [15, 31] [0, 0, 0, 0]
29 1.2663652896881104 Robot: (28, 7, [1, 0, 1, 0]) Solution: [28, 7] [1, 0, 1, 0]
6 0.16393756866455078 Robot: (19, 3, [1, 0, 0, 1]) Solution: [19, 3] [1, 0, 0, 1]
6 0.14716243743896484 Robot: (15, 5, [1, 1, 0, 0]) Solution: [15, 5] [1, 1, 0, 0]
12 0.31563472747802734 Robot: (12, 9, [1, 0, 0, 0]) Solution: [12, 9] [1, 0, 0, 0]
13 0.3254871368408203 Robot: (10, 21, [1, 0, 0, 0]) Solution: [10, 21] [1, 0, 0, 0]
6 0.16020917892456055 Robot: (8, 4, [1, 0, 0, 0]) Solution: [8, 4] [1, 0, 0, 0]
5 0.23051047325134277 Robot: (13, 19, [0, 1, 1, 0]) Solution: [13, 19] [0, 1, 1, 0]
6 0.17602133750915527 Robot: (6, 36, [1, 0, 0, 0]) Solution: [6, 36] [1, 0, 0, 0]
2 0.053009748458862305 Robot: (11, 31, [1, 0, 0, 1]) Solution: [11, 31] [1, 0, 0, 1]
4 0.10365009307861328 Robot: (5, 7, [0, 0, 1, 1]) Solution: [5, 7] [0, 0, 1, 1]
8 0.20994806289672852 Robot: (3, 25, [0, 1, 0, 0]) Solution: [3, 25] [0, 1, 0, 0]
5 0.13290619850158691 Robot: (10, 32, [1, 0, 1, 1]) Solution: [10, 32] [1, 0, 1, 1]
22 0.5695154666900635 Robot: (9, 27, [1, 0, 0, 1]) Solution: [9, 27] [1, 0, 0, 1]
4 0.10567879676818848 Robot: (13, 21, [1, 0, 0, 0]) Solution: [13, 21] [1, 0, 0, 0]
20 0.48924970626831055 Robot: (23, 13, [0, 0, 1, 0]) Solution: [23, 13] [0, 0, 1, 0]
41 1.2142465114593506 Robot: (3, 25, [0, 1, 0, 0]) Solution: [3, 25] [0, 1, 0, 0]
6 0.15538954734802246 Robot: (28, 34, [1, 1, 0, 0]) Solution: [28, 34] [1, 1, 0, 0]
5 0.12401437759399414 Robot: (18, 35, [1, 0, 1, 0]) Solution: [18, 35] [1, 0, 1, 0]
7 0.18361663818359375 Robot: (14, 25, [1, 0, 0, 0]) Solution: [14, 25] [1, 0, 0, 0]
3 0.0781242847442627 Robot: (27, 12, [0, 1, 0, 1]) Solution: [27, 12] [0, 1, 0, 1]
1 0.03293752670288086 Robot: (26, 23, [1, 0, 0, 0]) Solution: [26, 23] [1, 0, 0, 0]
11 0.2850983142852783 Robot: (2, 18, [1, 1, 0, 0]) Solution: [2, 18] [1, 1, 0, 0]
3 0.08164405822753906 Robot: (8, 23, [1, 0, 0, 0]) Solution: [8, 23] [1, 0, 0, 0]
6 0.15344023704528809 Robot: (5, 5, [1, 1, 0, 0]) Solution: [5, 5] [1, 1, 0, 0]
10 0.3109743595123291 Robot: (11, 28, [0, 0, 0, 0]) Solution: [11, 28] [0, 0, 0, 0]
9 0.2473466396331787 Robot: (11, 3, [0, 1, 1, 0]) Solution: [11, 3] [0, 1, 1, 0]
7 0.1736147403717041 Robot: (13, 27, [0, 0, 1, 1]) Solution: [13, 27] [0, 0, 1, 1]
3 0.0747842788696289 Robot: (31, 31, [1, 1, 0, 0]) Solution: [31, 31] [1, 1, 0, 0]
11 0.28171682357788086 Robot: (16, 9, [1, 0, 1, 0]) Solution: [16, 9] [1, 0, 1, 0]
4 0.10872244834899902 Robot: (25, 9, [0, 0, 1, 1]) Solution: [25, 9] [0, 0, 1, 1]
10 0.24302053451538086 Robot: (17, 5, [0, 1, 0, 1]) Solution: [17, 5] [0, 1, 0, 1]
4 0.10341358184814453 Robot: (13, 29, [1, 0, 0, 0]) Solution: [13, 29] [1, 0, 0, 0]
5 0.12400174140930176 Robot: (3, 26, [0, 0, 0, 0]) Solution: [3, 26] [0, 0, 0, 0]
7 0.17109394073486328 Robot: (13, 31, [0, 0, 1, 0]) Solution: [13, 31] [0, 0, 1, 0]
3 0.07715916633605957 Robot: (22, 33, [1, 0, 1, 0]) Solution: [22, 33] [1, 0, 1, 0]
7 0.16829252243041992 Robot: (27, 24, [0, 0, 0, 0]) Solution: [27, 24] [0, 0, 0, 0]
6 0.1531212329864502 Robot: (30, 7, [0, 0, 1, 0]) Solution: [30, 7] [0, 0, 1, 0]
3 0.07612371444702148 Robot: (3, 17, [1, 0, 1, 1]) Solution: [3, 17] [1, 0, 1, 1]
5 0.12080788612365723 Robot: (16, 12, [0, 0, 1, 0]) Solution: [16, 12] [0, 0, 1, 0]
5 0.13802337646484375 Robot: (7, 33, [1, 0, 1, 0]) Solution: [7, 33] [1, 0, 1, 0]
3 0.08682751655578613 Robot: (16, 32, [0, 0, 1, 0]) Solution: [16, 32] [0, 0, 1, 0]
5 0.12292933464050293 Robot: (25, 37, [0, 0, 1, 0]) Solution: [25, 37] [0, 0, 1, 0]
9 0.22325491905212402 Robot: (8, 21, [1, 0, 1, 0]) Solution: [8, 21] [1, 0, 1, 0]
5 0.12013125419616699 Robot: (21, 3, [0, 1, 1, 0]) Solution: [21, 3] [0, 1, 1, 0]
40 1.0011892318725586 Robot: (9, 3, [0, 0, 0, 1]) Solution: [9, 3] [0, 0, 0, 1]
4 0.09850716590881348 Robot: (9, 33, [1, 1, 0, 0]) Solution: [9, 33] [1, 1, 0, 0]
7 0.16956663131713867 Robot: (24, 25, [1, 0, 0, 0]) Solution: [24, 25] [1, 0, 0, 0]
8 0.19355392456054688 Robot: (13, 5, [0, 0, 1, 0]) Solution: [13, 5] [0, 0, 1, 0]
3 0.07533478736877441 Robot: (15, 15, [0, 0, 0, 0]) Solution: [15, 15] [0, 0, 0, 0]
4 0.09867739677429199 Robot: (1, 27, [0, 1, 0, 1]) Solution: [1, 27] [0, 1, 0, 1]
27 0.6520612239837646 Robot: (30, 16, [0, 0, 0, 1]) Solution: [30, 16] [0, 0, 0, 1]
13 0.5768833160400391 Robot: (25, 25, [1, 1, 0, 0]) Solution: [25, 25] [1, 1, 0, 0]
4 0.12147641181945801 Robot: (3, 22, [0, 0, 0, 0]) Solution: [3, 22] [0, 0, 0, 0]
3 0.11024284362792969 Robot: (14, 31, [0, 0, 0, 0]) Solution: [14, 31] [0, 0, 0, 0]
1 0.0541834831237793 Robot: (4, 13, [0, 0, 0, 0]) Solution: [4, 13] [0, 0, 0, 0]
5 0.24292469024658203 Robot: (1, 11, [1, 0, 0, 1]) Solution: [1, 11] [1, 0, 0, 1]
4 0.09270977973937988 Robot: (31, 22, [0, 1, 0, 1]) Solution: [31, 22] [0, 1, 0, 1]
10 0.27022337913513184 Robot: (27, 17, [0, 0, 0, 0]) Solution: [27, 17] [0, 0, 0, 0]
16 0.48689889907836914 Robot: (14, 30, [0, 0, 0, 0]) Solution: [14, 30] [0, 0, 0, 0]
2 0.07036852836608887 Robot: (12, 6, [0, 1, 0, 1]) Solution: [12, 6] [0, 1, 0, 1]
12 0.33714938163757324 Robot: (17, 17, [0, 0, 1, 1]) Solution: [17, 17] [0, 0, 1, 1]
6 0.20457911491394043 Robot: (27, 4, [0, 1, 0, 0]) Solution: [27, 4] [0, 1, 0, 0]
17 0.6056170463562012 Robot: (15, 23, [0, 0, 0, 0]) Solution: [15, 23] [0, 0, 0, 0]
5 0.12426018714904785 Robot: (13, 7, [1, 0, 0, 0]) Solution: [13, 7] [1, 0, 0, 0]
4 0.10958361625671387 Robot: (11, 28, [0, 0, 0, 0]) Solution: [11, 28] [0, 0, 0, 0]
7 0.19362974166870117 Robot: (13, 9, [0, 0, 1, 0]) Solution: [13, 9] [0, 0, 1, 0]
3 0.09207749366760254 Robot: (11, 33, [0, 0, 1, 1]) Solution: [11, 33] [0, 0, 1, 1]
5 0.16263437271118164 Robot: (2, 16, [0, 1, 1, 0]) Solution: [2, 16] [0, 1, 1, 0]
13 0.3254685401916504 Robot: (15, 7, [0, 0, 1, 0]) Solution: [15, 7] [0, 0, 1, 0]
6 0.16473817825317383 Robot: (3, 25, [0, 1, 0, 0]) Solution: [3, 25] [0, 1, 0, 0]
4 0.1051487922668457 Robot: (11, 9, [0, 0, 1, 1]) Solution: [11, 9] [0, 0, 1, 1]
4 0.09715151786804199 Robot: (31, 5, [0, 1, 0, 0]) Solution: [31, 5] [0, 1, 0, 0]
5 0.14433741569519043 Robot: (2, 23, [0, 0, 1, 0]) Solution: [2, 23] [0, 0, 1, 0]
7 0.17714357376098633 Robot: (19, 37, [1, 0, 1, 0]) Solution: [19, 37] [1, 0, 1, 0]
15 0.36959266662597656 Robot: (21, 35, [0, 0, 0, 0]) Solution: [21, 35] [0, 0, 0, 0]
4 0.10216307640075684 Robot: (29, 25, [0, 0, 1, 0]) Solution: [29, 25] [0, 0, 1, 0]
7 0.17326974868774414 Robot: (22, 17, [1, 0, 0, 0]) Solution: [22, 17] [1, 0, 0, 0]
1 0.03477358818054199 Robot: (15, 20, [0, 1, 0, 0]) Solution: [15, 20] [0, 1, 0, 0]
16 0.40870022773742676 Robot: (20, 21, [1, 0, 1, 0]) Solution: [20, 21] [1, 0, 1, 0]
4 0.11950397491455078 Robot: (23, 24, [0, 1, 0, 0]) Solution: [23, 24] [0, 1, 0, 0]
3 0.07584571838378906 Robot: (12, 28, [1, 1, 0, 0]) Solution: [12, 28] [1, 1, 0, 0]
5 0.12215495109558105 Robot: (2, 26, [0, 0, 1, 0]) Solution: [2, 26] [0, 0, 1, 0]
4 0.10849523544311523 Robot: (27, 12, [0, 1, 0, 1]) Solution: [27, 12] [0, 1, 0, 1]
2 0.06937313079833984 Robot: (3, 10, [0, 1, 0, 0]) Solution: [3, 10] [0, 1, 0, 0]
1 0.03011178970336914 Robot: (15, 20, [0, 1, 0, 0]) Solution: [15, 20] [0, 1, 0, 0]
7 0.1650397777557373 Robot: (6, 27, [1, 0, 0, 0]) Solution: [6, 27] [1, 0, 0, 0]
42 1.3156096935272217 Robot: (10, 13, [1, 0, 1, 0]) Solution: [10, 13] [1, 0, 1, 0]
4 0.2015233039855957 Robot: (17, 5, [0, 1, 0, 1]) Solution: [17, 5] [0, 1, 0, 1]
16 0.6176276206970215 Robot: (15, 15, [0, 0, 0, 0]) Solution: [15, 15] [0, 0, 0, 0]
7 0.1731703281402588 Robot: (25, 7, [0, 0, 0, 0]) Solution: [25, 7] [0, 0, 0, 0]
5 0.1275796890258789 Robot: (11, 31, [1, 0, 0, 1]) Solution: [11, 31] [1, 0, 0, 1]
18 0.4486114978790283 Robot: (21, 3, [0, 1, 1, 0]) Solution: [21, 3] [0, 1, 1, 0]
5 0.15010285377502441 Robot: (15, 30, [0, 0, 0, 0]) Solution: [15, 30] [0, 0, 0, 0]
22 0.5624160766601562 Robot: (14, 15, [1, 0, 0, 0]) Solution: [14, 15] [1, 0, 0, 0]
9 0.23032259941101074 Robot: (29, 8, [0, 1, 0, 1]) Solution: [29, 8] [0, 1, 0, 1]
11 0.27411556243896484 Robot: (13, 35, [0, 1, 1, 0]) Solution: [13, 35] [0, 1, 1, 0]
11 0.3147611618041992 Robot: (15, 20, [0, 1, 0, 0]) Solution: [15, 20] [0, 1, 0, 0]
9 0.3160591125488281 Robot: (15, 34, [0, 0, 0, 1]) Solution: [15, 34] [0, 0, 0, 1]
4 0.10868239402770996 Robot: (15, 30, [0, 0, 0, 0]) Solution: [15, 30] [0, 0, 0, 0]
5 0.12673306465148926 Robot: (6, 6, [1, 1, 0, 0]) Solution: [6, 6] [1, 1, 0, 0]
10 0.2578110694885254 Robot: (23, 25, [0, 0, 0, 0]) Solution: [23, 25] [0, 0, 0, 0]
4 0.10562539100646973 Robot: (8, 7, [1, 0, 0, 0]) Solution: [8, 7] [1, 0, 0, 0]
4 0.09920048713684082 Robot: (10, 32, [1, 0, 1, 1]) Solution: [10, 32] [1, 0, 1, 1]
2 0.05330395698547363 Robot: (19, 23, [0, 0, 0, 1]) Solution: [19, 23] [0, 0, 0, 1]
7 0.17528796195983887 Robot: (28, 17, [0, 0, 1, 0]) Solution: [28, 17] [0, 0, 1, 0]
3 0.08375787734985352 Robot: (15, 29, [0, 0, 0, 0]) Solution: [15, 29] [0, 0, 0, 0]
10 0.24085545539855957 Robot: (3, 15, [1, 0, 1, 0]) Solution: [3, 15] [1, 0, 1, 0]
4 0.12059688568115234 Robot: (26, 24, [0, 0, 1, 1]) Solution: [26, 24] [0, 0, 1, 1]
2 0.09245657920837402 Robot: (25, 5, [1, 0, 0, 0]) Solution: [25, 5] [1, 0, 0, 0]
17 0.5794391632080078 Robot: (21, 35, [0, 0, 0, 0]) Solution: [21, 35] [0, 0, 0, 0]
4 0.12312698364257812 Robot: (9, 1, [1, 1, 0, 0]) Solution: [9, 1] [1, 1, 0, 0]
8 0.297882080078125 Robot: (4, 26, [1, 1, 0, 0]) Solution: [4, 26] [1, 1, 0, 0]
6 0.14945435523986816 Robot: (5, 23, [1, 0, 0, 1]) Solution: [5, 23] [1, 0, 0, 1]
13 0.3865039348602295 Robot: (27, 18, [0, 1, 0, 1]) Solution: [27, 18] [0, 1, 0, 1]
41 2.145883798599243 Robot: (11, 37, [0, 0, 1, 0]) Solution: [11, 37] [0, 0, 1, 0]
9 0.37802791595458984 Robot: (16, 19, [1, 0, 1, 0]) Solution: [16, 19] [1, 0, 1, 0]
7 0.34584927558898926 Robot: (19, 7, [0, 0, 1, 1]) Solution: [19, 7] [0, 0, 1, 1]
12 0.6178579330444336 Robot: (9, 1, [1, 1, 0, 0]) Solution: [9, 1] [1, 1, 0, 0]
2 0.09908318519592285 Robot: (1, 19, [0, 0, 0, 1]) Solution: [1, 19] [0, 0, 0, 1]
11 0.2730879783630371 Robot: (23, 35, [1, 0, 1, 0]) Solution: [23, 35] [1, 0, 1, 0]
3 0.0735619068145752 Robot: (11, 3, [0, 1, 1, 0]) Solution: [11, 3] [0, 1, 1, 0]
8 0.3678274154663086 Robot: (20, 16, [0, 1, 0, 1]) Solution: [20, 16] [0, 1, 0, 1]
7 0.22398638725280762 Robot: (30, 5, [0, 0, 0, 0]) Solution: [30, 5] [0, 0, 0, 0]
7 0.17779016494750977 Robot: (13, 35, [0, 1, 1, 0]) Solution: [13, 35] [0, 1, 1, 0]
8 0.21709394454956055 Robot: (9, 15, [0, 1, 0, 0]) Solution: [9, 15] [0, 1, 0, 0]
21 0.5371444225311279 Robot: (31, 17, [0, 1, 0, 0]) Solution: [31, 17] [0, 1, 0, 0]
1 0.02830815315246582 Robot: (23, 2, [0, 0, 0, 1]) Solution: [23, 2] [0, 0, 0, 1]
6 0.15952539443969727 Robot: (28, 13, [1, 0, 1, 0]) Solution: [28, 13] [1, 0, 1, 0]
7 0.233015775680542 Robot: (25, 7, [0, 0, 0, 0]) Solution: [25, 7] [0, 0, 0, 0]
5 0.13973784446716309 Robot: (4, 13, [0, 0, 0, 0]) Solution: [4, 13] [0, 0, 0, 0]
2 0.05132746696472168 Robot: (4, 12, [1, 1, 0, 1]) Solution: [4, 12] [1, 1, 0, 1]
5 0.1259462833404541 Robot: (5, 25, [0, 0, 1, 1]) Solution: [5, 25] [0, 0, 1, 1]
14 0.4484882354736328 Robot: (7, 27, [0, 1, 0, 0]) Solution: [7, 27] [0, 1, 0, 0]
7 0.3285486698150635 Robot: (30, 12, [1, 0, 1, 0]) Solution: [30, 12] [1, 0, 1, 0]
3 0.07963204383850098 Robot: (13, 19, [0, 1, 1, 0]) Solution: [13, 19] [0, 1, 1, 0]
9 0.268890380859375 Robot: (26, 31, [0, 0, 0, 0]) Solution: [26, 31] [0, 0, 0, 0]
4 0.11630773544311523 Robot: (29, 29, [1, 0, 1, 0]) Solution: [29, 29] [1, 0, 1, 0]
13 0.34265589714050293 Robot: (20, 19, [0, 0, 1, 0]) Solution: [20, 19] [0, 0, 1, 0]
13 0.4172708988189697 Robot: (25, 25, [1, 1, 0, 0]) Solution: [25, 25] [1, 1, 0, 0]
7 0.18482160568237305 Robot: (2, 18, [1, 1, 0, 0]) Solution: [2, 18] [1, 1, 0, 0]
11 0.2846522331237793 Robot: (19, 27, [0, 0, 0, 0]) Solution: [19, 27] [0, 0, 0, 0]
19 0.499234676361084 Robot: (21, 5, [1, 0, 0, 0]) Solution: [21, 5] [1, 0, 0, 0]
12 0.31058382987976074 Robot: (21, 29, [0, 0, 1, 1]) Solution: [21, 29] [0, 0, 1, 1]
20 0.5655827522277832 Robot: (14, 21, [0, 0, 1, 0]) Solution: [14, 21] [0, 0, 1, 0]
10 0.2769944667816162 Robot: (17, 9, [0, 0, 1, 0]) Solution: [17, 9] [0, 0, 1, 0]
3 0.0821692943572998 Robot: (1, 3, [0, 0, 0, 1]) Solution: [1, 3] [0, 0, 0, 1]
4 0.126450777053833 Robot: (1, 16, [0, 0, 0, 1]) Solution: [1, 16] [0, 0, 0, 1]
5 0.2153329849243164 Robot: (23, 25, [0, 0, 0, 0]) Solution: [23, 25] [0, 0, 0, 0]
11 0.555034875869751 Robot: (7, 9, [0, 0, 0, 0]) Solution: [7, 9] [0, 0, 0, 0]
7 0.37095141410827637 Robot: (5, 36, [0, 0, 0, 0]) Solution: [5, 36] [0, 0, 0, 0]
5 0.19721126556396484 Robot: (23, 9, [0, 1, 0, 0]) Solution: [23, 9] [0, 1, 0, 0]
19 0.4779667854309082 Robot: (29, 7, [1, 0, 0, 0]) Solution: [29, 7] [1, 0, 0, 0]
11 0.32256579399108887 Robot: (30, 15, [1, 0, 0, 0]) Solution: [30, 15] [1, 0, 0, 0]
11 0.33641886711120605 Robot: (30, 15, [1, 0, 0, 0]) Solution: [30, 15] [1, 0, 0, 0]
8 0.25826597213745117 Robot: (11, 23, [1, 0, 0, 0]) Solution: [11, 23] [1, 0, 0, 0]
9 0.23277664184570312 Robot: (8, 11, [1, 0, 1, 0]) Solution: [8, 11] [1, 0, 1, 0]
8 0.3549315929412842 Robot: (25, 7, [0, 0, 0, 0]) Solution: [25, 7] [0, 0, 0, 0]
19 0.5649623870849609 Robot: (15, 5, [1, 1, 0, 0]) Solution: [15, 5] [1, 1, 0, 0]
9 0.2165205478668213 Robot: (11, 31, [1, 0, 0, 1]) Solution: [11, 31] [1, 0, 0, 1]
7 0.1712181568145752 Robot: (15, 25, [0, 0, 1, 0]) Solution: [15, 25] [0, 0, 1, 0]
4 0.09633779525756836 Robot: (7, 15, [1, 0, 0, 0]) Solution: [7, 15] [1, 0, 0, 0]
12 0.2962048053741455 Robot: (21, 31, [1, 1, 0, 0]) Solution: [21, 31] [1, 1, 0, 0]
5 0.12212800979614258 Robot: (14, 20, [1, 0, 0, 1]) Solution: [14, 20] [1, 0, 0, 1]
12 0.2876598834991455 Robot: (24, 19, [1, 0, 0, 0]) Solution: [24, 19] [1, 0, 0, 0]
8 0.18639826774597168 Robot: (4, 29, [1, 0, 1, 0]) Solution: [4, 29] [1, 0, 1, 0]
10 0.24805068969726562 Robot: (9, 19, [0, 0, 1, 1]) Solution: [9, 19] [0, 0, 1, 1]
2 0.05411195755004883 Robot: (30, 4, [0, 0, 0, 0]) Solution: [30, 4] [0, 0, 0, 0]
5 0.12502312660217285 Robot: (7, 7, [1, 0, 0, 0]) Solution: [7, 7] [1, 0, 0, 0]
4 0.10577058792114258 Robot: (6, 31, [1, 0, 0, 0]) Solution: [6, 31] [1, 0, 0, 0]
4 0.10632443428039551 Robot: (24, 35, [1, 0, 1, 0]) Solution: [24, 35] [1, 0, 1, 0]
7 0.17355728149414062 Robot: (31, 32, [0, 1, 0, 0]) Solution: [31, 32] [0, 1, 0, 0]
8 0.19261932373046875 Robot: (23, 16, [0, 0, 0, 1]) Solution: [23, 16] [0, 0, 0, 1]
9 0.21371102333068848 Robot: (1, 19, [0, 0, 0, 1]) Solution: [1, 19] [0, 0, 0, 1]
14 0.39679932594299316 Robot: (15, 12, [0, 0, 0, 1]) Solution: [15, 12] [0, 0, 0, 1]
15 0.5004158020019531 Robot: (8, 29, [1, 0, 1, 0]) Solution: [8, 29] [1, 0, 1, 0]
5 0.6603825092315674 Robot: (17, 27, [1, 0, 0, 1]) Solution: [17, 27] [1, 0, 0, 1]
7 0.6135201454162598 Robot: (9, 31, [0, 1, 1, 0]) Solution: [9, 31] [0, 1, 1, 0]
5 0.3346240520477295 Robot: (30, 15, [1, 0, 0, 0]) Solution: [30, 15] [1, 0, 0, 0]
8 0.624427080154419 Robot: (13, 3, [0, 1, 0, 1]) Solution: [13, 3] [0, 1, 0, 1]
7 0.46753382682800293 Robot: (1, 27, [0, 1, 0, 1]) Solution: [1, 27] [0, 1, 0, 1]
5 0.3828275203704834 Robot: (15, 7, [0, 0, 1, 0]) Solution: [15, 7] [0, 0, 1, 0]
5 0.37105298042297363 Robot: (19, 25, [0, 0, 0, 0]) Solution: [19, 25] [0, 0, 0, 0]
8 0.485332727432251 Robot: (17, 17, [0, 0, 1, 1]) Solution: [17, 17] [0, 0, 1, 1]
3 0.16058802604675293 Robot: (9, 29, [0, 1, 0, 0]) Solution: [9, 29] [0, 1, 0, 0]
11 0.6598494052886963 Robot: (4, 37, [0, 0, 1, 0]) Solution: [4, 37] [0, 0, 1, 0]
33 1.5707590579986572 Robot: (10, 21, [1, 0, 0, 0]) Solution: [10, 21] [1, 0, 0, 0]
3 0.07818245887756348 Robot: (30, 4, [0, 0, 0, 0]) Solution: [30, 4] [0, 0, 0, 0]
8 0.19722437858581543 Robot: (29, 37, [1, 0, 1, 0]) Solution: [29, 37] [1, 0, 1, 0]
10 0.2504081726074219 Robot: (29, 29, [1, 0, 1, 0]) Solution: [29, 29] [1, 0, 1, 0]
9 0.2401587963104248 Robot: (31, 22, [0, 1, 0, 1]) Solution: [31, 22] [0, 1, 0, 1]
3 0.07523775100708008 Robot: (7, 15, [1, 0, 0, 0]) Solution: [7, 15] [1, 0, 0, 0]
5 0.13115859031677246 Robot: (29, 15, [0, 0, 1, 0]) Solution: [29, 15] [0, 0, 1, 0]
7 0.17956948280334473 Robot: (26, 32, [0, 0, 1, 1]) Solution: [26, 32] [0, 0, 1, 1]
14 0.3369894027709961 Robot: (29, 10, [0, 1, 0, 0]) Solution: [29, 10] [0, 1, 0, 0]
8 0.19812345504760742 Robot: (16, 1, [1, 0, 1, 0]) Solution: [16, 1] [1, 0, 1, 0]
5 0.1307051181793213 Robot: (12, 13, [0, 0, 1, 0]) Solution: [12, 13] [0, 0, 1, 0]
4 0.11722898483276367 Robot: (27, 9, [0, 1, 1, 0]) Solution: [27, 9] [0, 1, 1, 0]
7 0.17666149139404297 Robot: (17, 3, [1, 1, 0, 0]) Solution: [17, 3] [1, 1, 0, 0]
3 0.07278180122375488 Robot: (15, 32, [0, 0, 0, 0]) Solution: [15, 32] [0, 0, 0, 0]
3 0.07581210136413574 Robot: (23, 3, [0, 1, 1, 1]) Solution: [23, 3] [0, 1, 1, 1]
1 0.030377864837646484 Robot: (4, 13, [0, 0, 0, 0]) Solution: [4, 13] [0, 0, 0, 0]
5 0.12601304054260254 Robot: (13, 19, [0, 1, 1, 0]) Solution: [13, 19] [0, 1, 1, 0]
7 0.1802511215209961 Robot: (20, 13, [1, 0, 0, 0]) Solution: [20, 13] [1, 0, 0, 0]
8 0.2796752452850342 Robot: (7, 11, [0, 0, 1, 0]) Solution: [7, 11] [0, 0, 1, 0]
5 0.12486577033996582 Robot: (17, 29, [0, 0, 1, 0]) Solution: [17, 29] [0, 0, 1, 0]
12 0.31781625747680664 Robot: (12, 9, [1, 0, 0, 0]) Solution: [12, 9] [1, 0, 0, 0]
3 0.08326363563537598 Robot: (9, 27, [1, 0, 0, 1]) Solution: [9, 27] [1, 0, 0, 1]
3 0.11476945877075195 Robot: (12, 23, [0, 0, 1, 0]) Solution: [12, 23] [0, 0, 1, 0]
3 0.16638779640197754 Robot: (1, 15, [1, 0, 0, 1]) Solution: [1, 15] [1, 0, 0, 1]
17 0.7122950553894043 Robot: (17, 3, [1, 1, 0, 0]) Solution: [17, 3] [1, 1, 0, 0]
4 0.12642598152160645 Robot: (9, 7, [0, 1, 0, 0]) Solution: [9, 7] [0, 1, 0, 0]
8 0.19655823707580566 Robot: (29, 10, [0, 1, 0, 0]) Solution: [29, 10] [0, 1, 0, 0]
5 0.19542503356933594 Robot: (29, 31, [1, 0, 1, 0]) Solution: [29, 31] [1, 0, 1, 0]
5 0.13885998725891113 Robot: (28, 34, [1, 1, 0, 0]) Solution: [28, 34] [1, 1, 0, 0]
15 0.36853671073913574 Robot: (4, 37, [0, 0, 1, 0]) Solution: [4, 37] [0, 0, 1, 0]
13 0.3238945007324219 Robot: (21, 21, [1, 0, 0, 0]) Solution: [21, 21] [1, 0, 0, 0]
2 0.05908536911010742 Robot: (8, 8, [0, 0, 0, 0]) Solution: [8, 8] [0, 0, 0, 0]
10 0.24887895584106445 Robot: (19, 25, [0, 0, 0, 0]) Solution: [19, 25] [0, 0, 0, 0]
19 0.5492050647735596 Robot: (25, 29, [1, 0, 1, 0]) Solution: [25, 29] [1, 0, 1, 0]
12 0.35683417320251465 Robot: (4, 35, [1, 0, 0, 0]) Solution: [4, 35] [1, 0, 0, 0]
5 0.14060020446777344 Robot: (20, 13, [1, 0, 0, 0]) Solution: [20, 13] [1, 0, 0, 0]
9 0.2541625499725342 Robot: (1, 11, [1, 0, 0, 1]) Solution: [1, 11] [1, 0, 0, 1]
3 0.13663649559020996 Robot: (27, 34, [0, 0, 0, 1]) Solution: [27, 34] [0, 0, 0, 1]
1 0.03906416893005371 Robot: (23, 2, [0, 0, 0, 1]) Solution: [23, 2] [0, 0, 0, 1]
1 0.033409833908081055 Robot: (4, 17, [1, 0, 1, 0]) Solution: [4, 17] [1, 0, 1, 0]
6 0.22006988525390625 Robot: (19, 25, [0, 0, 0, 0]) Solution: [19, 25] [0, 0, 0, 0]
40 1.1370062828063965 Robot: (8, 23, [1, 0, 0, 0]) Solution: [8, 23] [1, 0, 0, 0]
13 0.36723875999450684 Robot: (25, 16, [0, 1, 0, 0]) Solution: [25, 16] [0, 1, 0, 0]
4 0.14685726165771484 Robot: (23, 17, [0, 1, 1, 0]) Solution: [23, 17] [0, 1, 1, 0]
3 0.0878293514251709 Robot: (17, 29, [0, 0, 1, 0]) Solution: [17, 29] [0, 0, 1, 0]
2 0.06221342086791992 Robot: (17, 17, [0, 0, 1, 1]) Solution: [17, 17] [0, 0, 1, 1]
10 0.3850371837615967 Robot: (7, 27, [0, 1, 0, 0]) Solution: [7, 27] [0, 1, 0, 0]
3 0.11510396003723145 Robot: (14, 31, [0, 0, 0, 0]) Solution: [14, 31] [0, 0, 0, 0]
12 0.6681439876556396 Robot: (30, 15, [1, 0, 0, 0]) Solution: [30, 15] [1, 0, 0, 0]
16 0.7456767559051514 Robot: (10, 23, [0, 0, 1, 0]) Solution: [10, 23] [0, 0, 1, 0]
9 0.28874945640563965 Robot: (17, 9, [0, 0, 1, 0]) Solution: [17, 9] [0, 0, 1, 0]
14 0.3458445072174072 Robot: (21, 34, [0, 1, 0, 1]) Solution: [21, 34] [0, 1, 0, 1]
9 0.23982906341552734 Robot: (31, 14, [0, 1, 0, 1]) Solution: [31, 14] [0, 1, 0, 1]
6 0.15795159339904785 Robot: (11, 16, [0, 1, 0, 1]) Solution: [11, 16] [0, 1, 0, 1]
9 0.2276160717010498 Robot: (31, 35, [0, 1, 0, 0]) Solution: [31, 35] [0, 1, 0, 0]
10 0.24799537658691406 Robot: (12, 23, [0, 0, 1, 0]) Solution: [12, 23] [0, 0, 1, 0]
2 0.05250668525695801 Robot: (21, 31, [1, 1, 0, 0]) Solution: [21, 31] [1, 1, 0, 0]
4 0.09824538230895996 Robot: (1, 13, [0, 0, 1, 1]) Solution: [1, 13] [0, 0, 1, 1]
5 0.1277613639831543 Robot: (23, 10, [0, 0, 0, 1]) Solution: [23, 10] [0, 0, 0, 1]
9 0.21778035163879395 Robot: (6, 36, [1, 0, 0, 0]) Solution: [6, 36] [1, 0, 0, 0]
4 0.09751319885253906 Robot: (1, 15, [1, 0, 0, 1]) Solution: [1, 15] [1, 0, 0, 1]
1 0.0281522274017334 Robot: (14, 21, [0, 0, 1, 0]) Solution: [14, 21] [0, 0, 1, 0]
6 0.140913724899292 Robot: (30, 5, [0, 0, 0, 0]) Solution: [30, 5] [0, 0, 0, 0]
8 0.19386053085327148 Robot: (21, 15, [0, 1, 1, 0]) Solution: [21, 15] [0, 1, 1, 0]
9 0.24054765701293945 Robot: (28, 7, [1, 0, 1, 0]) Solution: [28, 7] [1, 0, 1, 0]
44 1.0854971408843994 Robot: (28, 37, [0, 0, 1, 0]) Solution: [28, 37] [0, 0, 1, 0]
7 0.17319178581237793 Robot: (20, 4, [0, 1, 0, 0]) Solution: [20, 4] [0, 1, 0, 0]
4 0.14121603965759277 Robot: (20, 10, [0, 1, 1, 1]) Solution: [20, 10] [0, 1, 1, 1]
12 0.326124906539917 Robot: (14, 32, [0, 0, 1, 1]) Solution: [14, 32] [0, 0, 1, 1]
9 0.23028779029846191 Robot: (1, 33, [1, 0, 0, 1]) Solution: [1, 33] [1, 0, 0, 1]
5 0.1969895362854004 Robot: (19, 23, [0, 0, 0, 1]) Solution: [19, 23] [0, 0, 0, 1]
6 0.33710217475891113 Robot: (14, 2, [1, 0, 1, 0]) Solution: [14, 2] [1, 0, 1, 0]
10 0.3683967590332031 Robot: (19, 15, [1, 0, 1, 1]) Solution: [19, 15] [1, 0, 1, 1]
2 0.04761147499084473 Robot: (2, 23, [0, 0, 1, 0]) Solution: [2, 23] [0, 0, 1, 0]
6 0.20513629913330078 Robot: (26, 4, [0, 0, 0, 1]) Solution: [26, 4] [0, 0, 0, 1]
9 0.45413994789123535 Robot: (12, 13, [0, 0, 1, 0]) Solution: [12, 13] [0, 0, 1, 0]
5 0.30962467193603516 Robot: (3, 31, [1, 0, 1, 0]) Solution: [3, 31] [1, 0, 1, 0]
3 0.18361806869506836 Robot: (3, 10, [0, 1, 0, 0]) Solution: [3, 10] [0, 1, 0, 0]
11 0.4985830783843994 Robot: (29, 33, [1, 0, 1, 1]) Solution: [29, 33] [1, 0, 1, 1]
4 0.1017143726348877 Robot: (27, 12, [0, 1, 0, 1]) Solution: [27, 12] [0, 1, 0, 1]
7 0.41378331184387207 Robot: (7, 11, [0, 0, 1, 0]) Solution: [7, 11] [0, 0, 1, 0]
3 0.08099007606506348 Robot: (31, 3, [0, 1, 0, 0]) Solution: [31, 3] [0, 1, 0, 0]
6 0.14171671867370605 Robot: (12, 17, [1, 0, 1, 0]) Solution: [12, 17] [1, 0, 1, 0]
48 1.154571533203125 Robot: (12, 13, [0, 0, 1, 0]) Solution: [12, 13] [0, 0, 1, 0]
3 0.08046722412109375 Robot: (16, 31, [0, 0, 0, 0]) Solution: [16, 31] [0, 0, 0, 0]
5 0.11559486389160156 Robot: (30, 15, [1, 0, 0, 0]) Solution: [30, 15] [1, 0, 0, 0]
13 0.31508612632751465 Robot: (31, 9, [0, 1, 0, 0]) Solution: [31, 9] [0, 1, 0, 0]
3 0.07296109199523926 Robot: (20, 14, [0, 0, 0, 1]) Solution: [20, 14] [0, 0, 0, 1]
3 0.07721447944641113 Robot: (23, 16, [0, 0, 0, 1]) Solution: [23, 16] [0, 0, 0, 1]
4 0.09686803817749023 Robot: (15, 7, [0, 0, 1, 0]) Solution: [15, 7] [0, 0, 1, 0]
6 0.1400444507598877 Robot: (20, 9, [1, 0, 0, 0]) Solution: [20, 9] [1, 0, 0, 0]
18 0.43909263610839844 Robot: (23, 35, [1, 0, 1, 0]) Solution: [23, 35] [1, 0, 1, 0]
6 0.1390087604522705 Robot: (21, 22, [0, 1, 0, 1]) Solution: [21, 22] [0, 1, 0, 1]
15 0.36573338508605957 Robot: (15, 13, [0, 1, 0, 0]) Solution: [15, 13] [0, 1, 0, 0]
4 0.09799695014953613 Robot: (11, 33, [0, 0, 1, 1]) Solution: [11, 33] [0, 0, 1, 1]
12 0.2807765007019043 Robot: (13, 15, [1, 0, 0, 0]) Solution: [13, 15] [1, 0, 0, 0]
3 0.07024335861206055 Robot: (13, 25, [1, 0, 0, 1]) Solution: [13, 25] [1, 0, 0, 1]
9 0.22678923606872559 Robot: (25, 13, [0, 1, 1, 0]) Solution: [25, 13] [0, 1, 1, 0]
9 0.2166759967803955 Robot: (15, 23, [0, 0, 0, 0]) Solution: [15, 23] [0, 0, 0, 0]
4 0.09455680847167969 Robot: (14, 18, [1, 0, 1, 0]) Solution: [14, 18] [1, 0, 1, 0]
10 0.23370599746704102 Robot: (26, 3, [1, 0, 0, 0]) Solution: [26, 3] [1, 0, 0, 0]
3 0.07554244995117188 Robot: (1, 15, [1, 0, 0, 1]) Solution: [1, 15] [1, 0, 0, 1]
11 0.2563905715942383 Robot: (12, 23, [0, 0, 1, 0]) Solution: [12, 23] [0, 0, 1, 0]
7 0.16850781440734863 Robot: (25, 23, [1, 0, 1, 0]) Solution: [25, 23] [1, 0, 1, 0]
5 0.12141036987304688 Robot: (27, 19, [0, 1, 1, 0]) Solution: [27, 19] [0, 1, 1, 0]
12 0.2848978042602539 Robot: (28, 7, [1, 0, 1, 0]) Solution: [28, 7] [1, 0, 1, 0]
6 0.13907170295715332 Robot: (11, 9, [0, 0, 1, 1]) Solution: [11, 9] [0, 0, 1, 1]
12 0.2919340133666992 Robot: (28, 37, [0, 0, 1, 0]) Solution: [28, 37] [0, 0, 1, 0]
3 0.07851696014404297 Robot: (27, 33, [0, 1, 0, 1]) Solution: [27, 33] [0, 1, 0, 1]
17 0.40064263343811035 Robot: (5, 31, [1, 0, 0, 0]) Solution: [5, 31] [1, 0, 0, 0]
15 0.3636493682861328 Robot: (22, 17, [1, 0, 0, 0]) Solution: [22, 17] [1, 0, 0, 0]
6 0.1440885066986084 Robot: (31, 31, [1, 1, 0, 0]) Solution: [31, 31] [1, 1, 0, 0]
6 0.14888930320739746 Robot: (31, 18, [0, 1, 0, 1]) Solution: [31, 18] [0, 1, 0, 1]
16 0.550410270690918 Robot: (29, 17, [1, 0, 0, 0]) Solution: [29, 17] [1, 0, 0, 0]
3 0.09327816963195801 Robot: (31, 4, [0, 1, 0, 0]) Solution: [31, 4] [0, 1, 0, 0]
8 0.26456451416015625 Robot: (3, 29, [1, 0, 1, 0]) Solution: [3, 29] [1, 0, 1, 0]
10 0.3578939437866211 Robot: (20, 19, [0, 0, 1, 0]) Solution: [20, 19] [0, 0, 1, 0]
5 0.1298379898071289 Robot: (6, 36, [1, 0, 0, 0]) Solution: [6, 36] [1, 0, 0, 0]
1 0.033535003662109375 Robot: (26, 23, [1, 0, 0, 0]) Solution: [26, 23] [1, 0, 0, 0]
7 0.17912769317626953 Robot: (7, 2, [0, 0, 0, 1]) Solution: [7, 2] [0, 0, 0, 1]
3 0.07007765769958496 Robot: (13, 31, [0, 0, 1, 0]) Solution: [13, 31] [0, 0, 1, 0]
22 0.524822473526001 Robot: (20, 25, [1, 0, 1, 0]) Solution: [20, 25] [1, 0, 1, 0]
2 0.04757213592529297 Robot: (5, 19, [0, 1, 0, 0]) Solution: [5, 19] [0, 1, 0, 0]
21 0.5005080699920654 Robot: (23, 3, [0, 1, 1, 1]) Solution: [23, 3] [0, 1, 1, 1]
1 0.023571014404296875 Robot: (23, 2, [0, 0, 0, 1]) Solution: [23, 2] [0, 0, 0, 1]
14 0.3254435062408447 Robot: (14, 2, [1, 0, 1, 0]) Solution: [14, 2] [1, 0, 1, 0]
3 0.07522082328796387 Robot: (15, 29, [0, 0, 0, 0]) Solution: [15, 29] [0, 0, 0, 0]
7 0.1632840633392334 Robot: (24, 25, [1, 0, 0, 0]) Solution: [24, 25] [1, 0, 0, 0]
21 0.5073368549346924 Robot: (30, 35, [0, 0, 1, 0]) Solution: [30, 35] [0, 0, 1, 0]
2 0.04669904708862305 Robot: (15, 29, [0, 0, 0, 0]) Solution: [15, 29] [0, 0, 0, 0]
3 0.07149529457092285 Robot: (18, 31, [0, 0, 0, 0]) Solution: [18, 31] [0, 0, 0, 0]
10 0.2312328815460205 Robot: (4, 14, [0, 1, 0, 1]) Solution: [4, 14] [0, 1, 0, 1]
2 0.04781675338745117 Robot: (25, 25, [1, 1, 0, 0]) Solution: [25, 25] [1, 1, 0, 0]
7 0.17188501358032227 Robot: (7, 28, [0, 1, 0, 0]) Solution: [7, 28] [0, 1, 0, 0]
3 0.07066893577575684 Robot: (9, 31, [0, 1, 1, 0]) Solution: [9, 31] [0, 1, 1, 0]
3 0.07063055038452148 Robot: (13, 29, [1, 0, 0, 0]) Solution: [13, 29] [1, 0, 0, 0]
4 0.09873819351196289 Robot: (9, 3, [0, 0, 0, 1]) Solution: [9, 3] [0, 0, 0, 1]
8 0.19206881523132324 Robot: (17, 27, [1, 0, 0, 1]) Solution: [17, 27] [1, 0, 0, 1]
3 0.06932520866394043 Robot: (18, 14, [1, 1, 1, 0]) Solution: [18, 14] [1, 1, 1, 0]
FINISH
Iterations:  1000
Map size (width height):  33 39
Mean of steps:  8.355
Mean of time per iteration:  0.22900018692016602
Median of steps:  6.0
Median of time per iteration:  0.1694626808166504
Total elapsed time:  255.05604457855225
Sensor reliability (higher is better):  1.0
