22 0.5237722396850586 Robot: (24, 27, [0, 0, 1, 0]) Solution: [24, 27] [0, 0, 1, 0]
37 0.8886523246765137 Robot: (7, 1, [1, 0, 0, 0]) Solution: [7, 1] [1, 0, 0, 0]
26 0.6341698169708252 Robot: (1, 30, [0, 1, 0, 1]) Solution: [1, 30] [0, 1, 0, 1]
45 1.0998284816741943 Robot: (19, 37, [1, 0, 1, 0]) Solution: [19, 37] [1, 0, 1, 0]
45 1.08601975440979 Robot: (11, 28, [0, 0, 0, 0]) Solution: [11, 28] [0, 0, 0, 0]
60 1.4676644802093506 Robot: (27, 7, [1, 0, 0, 0]) Solution: [27, 7] [1, 0, 0, 0]
34 0.8410274982452393 Robot: (27, 19, [0, 1, 1, 0]) Solution: [27, 19] [0, 1, 1, 0]
73 1.8355441093444824 Robot: (28, 7, [1, 0, 1, 0]) Solution: [28, 7] [1, 0, 1, 0]
23 0.5709846019744873 Robot: (18, 32, [0, 1, 0, 0]) Solution: [18, 32] [0, 1, 0, 0]
21 0.5458688735961914 Robot: (23, 24, [0, 1, 0, 0]) Solution: [23, 24] [0, 1, 0, 0]
44 1.0728092193603516 Robot: (25, 37, [0, 0, 1, 0]) Solution: [25, 37] [0, 0, 1, 0]
22 0.5885252952575684 Robot: (7, 26, [0, 1, 0, 1]) Solution: [7, 26] [0, 1, 0, 1]
30 0.7744979858398438 Robot: (8, 25, [0, 0, 1, 0]) Solution: [8, 25] [0, 0, 1, 0]
26 0.6436877250671387 Robot: (13, 22, [0, 1, 0, 0]) Solution: [13, 22] [0, 1, 0, 0]
54 1.4078054428100586 Robot: (1, 37, [0, 0, 1, 1]) Solution: [1, 37] [0, 0, 1, 1]
37 1.0650172233581543 Robot: (23, 25, [0, 0, 0, 0]) Solution: [23, 25] [0, 0, 0, 0]
24 0.5993952751159668 Robot: (7, 37, [0, 0, 1, 0]) Solution: [7, 37] [0, 0, 1, 0]
69 1.7229418754577637 Robot: (7, 37, [0, 0, 1, 0]) Solution: [7, 37] [0, 0, 1, 0]
27 0.6763083934783936 Robot: (19, 21, [1, 0, 0, 0]) Solution: [19, 21] [1, 0, 0, 0]
24 0.6037082672119141 Robot: (24, 7, [1, 0, 1, 0]) Solution: [24, 7] [1, 0, 1, 0]
30 0.7545015811920166 Robot: (31, 35, [0, 1, 0, 0]) Solution: [31, 35] [0, 1, 0, 0]
31 0.7825145721435547 Robot: (22, 27, [1, 0, 1, 0]) Solution: [22, 27] [1, 0, 1, 0]
66 1.6549701690673828 Robot: (21, 36, [0, 1, 0, 1]) Solution: [21, 36] [0, 1, 0, 1]
37 0.9270162582397461 Robot: (15, 29, [0, 0, 0, 0]) Solution: [15, 29] [0, 0, 0, 0]
30 0.7471261024475098 Robot: (19, 31, [0, 0, 1, 0]) Solution: [19, 31] [0, 0, 1, 0]
56 1.4016869068145752 Robot: (15, 16, [0, 1, 0, 0]) Solution: [15, 16] [0, 1, 0, 0]
23 0.5728621482849121 Robot: (19, 30, [0, 1, 0, 0]) Solution: [19, 30] [0, 1, 0, 0]
53 1.3659064769744873 Robot: (9, 19, [0, 0, 1, 1]) Solution: [9, 19] [0, 0, 1, 1]
56 1.4123122692108154 Robot: (26, 1, [1, 0, 1, 0]) Solution: [26, 1] [1, 0, 1, 0]
56 1.8885383605957031 Robot: (8, 31, [1, 0, 1, 0]) Solution: [8, 31] [1, 0, 1, 0]
31 1.1831579208374023 Robot: (12, 31, [0, 0, 1, 0]) Solution: [12, 31] [0, 0, 1, 0]
29 0.8062398433685303 Robot: (6, 37, [0, 0, 1, 0]) Solution: [6, 37] [0, 0, 1, 0]
27 0.9253933429718018 Robot: (27, 18, [0, 1, 0, 1]) Solution: [27, 18] [0, 1, 0, 1]
47 1.2362782955169678 Robot: (31, 29, [0, 1, 1, 0]) Solution: [31, 29] [0, 1, 1, 0]
50 1.2415697574615479 Robot: (5, 5, [1, 1, 0, 0]) Solution: [5, 5] [1, 1, 0, 0]
37 0.9528999328613281 Robot: (8, 35, [0, 0, 0, 0]) Solution: [8, 35] [0, 0, 0, 0]
24 0.5898985862731934 Robot: (23, 27, [0, 0, 0, 0]) Solution: [23, 27] [0, 0, 0, 0]
27 0.9573523998260498 Robot: (27, 15, [1, 0, 0, 0]) Solution: [27, 15] [1, 0, 0, 0]
29 0.7216184139251709 Robot: (6, 28, [0, 0, 0, 1]) Solution: [6, 28] [0, 0, 0, 1]
28 0.7074837684631348 Robot: (17, 15, [0, 1, 0, 0]) Solution: [17, 15] [0, 1, 0, 0]
47 1.1706135272979736 Robot: (31, 12, [0, 1, 0, 0]) Solution: [31, 12] [0, 1, 0, 0]
29 0.7267587184906006 Robot: (26, 31, [0, 0, 0, 0]) Solution: [26, 31] [0, 0, 0, 0]
28 0.7311902046203613 Robot: (8, 36, [0, 1, 0, 0]) Solution: [8, 36] [0, 1, 0, 0]
34 0.8404662609100342 Robot: (1, 21, [0, 0, 1, 1]) Solution: [1, 21] [0, 0, 1, 1]
27 0.6853585243225098 Robot: (11, 26, [0, 1, 0, 1]) Solution: [11, 26] [0, 1, 0, 1]
48 1.3059053421020508 Robot: (13, 22, [0, 1, 0, 0]) Solution: [13, 22] [0, 1, 0, 0]
42 1.0402772426605225 Robot: (2, 6, [0, 1, 0, 0]) Solution: [2, 6] [0, 1, 0, 0]
51 1.2716515064239502 Robot: (18, 1, [1, 0, 1, 0]) Solution: [18, 1] [1, 0, 1, 0]
24 0.6011574268341064 Robot: (3, 21, [0, 1, 0, 0]) Solution: [3, 21] [0, 1, 0, 0]
40 0.9758720397949219 Robot: (3, 27, [0, 0, 1, 1]) Solution: [3, 27] [0, 0, 1, 1]
24 0.5952403545379639 Robot: (1, 17, [0, 1, 0, 1]) Solution: [1, 17] [0, 1, 0, 1]
35 0.8588061332702637 Robot: (9, 8, [0, 0, 0, 0]) Solution: [9, 8] [0, 0, 0, 0]
28 0.7099382877349854 Robot: (11, 26, [0, 1, 0, 1]) Solution: [11, 26] [0, 1, 0, 1]
25 0.6282556056976318 Robot: (22, 24, [0, 0, 0, 0]) Solution: [22, 24] [0, 0, 0, 0]
47 1.1825778484344482 Robot: (3, 22, [0, 0, 0, 0]) Solution: [3, 22] [0, 0, 0, 0]
27 0.6766955852508545 Robot: (23, 13, [0, 0, 1, 0]) Solution: [23, 13] [0, 0, 1, 0]
47 1.1714792251586914 Robot: (20, 17, [0, 0, 0, 0]) Solution: [20, 17] [0, 0, 0, 0]
51 1.27268385887146 Robot: (9, 19, [0, 0, 1, 1]) Solution: [9, 19] [0, 0, 1, 1]
43 1.0767362117767334 Robot: (4, 37, [0, 0, 1, 0]) Solution: [4, 37] [0, 0, 1, 0]
26 0.6600086688995361 Robot: (18, 25, [1, 0, 1, 0]) Solution: [18, 25] [1, 0, 1, 0]
26 0.6552941799163818 Robot: (13, 30, [0, 0, 0, 0]) Solution: [13, 30] [0, 0, 0, 0]
35 0.8675398826599121 Robot: (7, 1, [1, 0, 0, 0]) Solution: [7, 1] [1, 0, 0, 0]
23 0.5773148536682129 Robot: (1, 5, [0, 0, 0, 1]) Solution: [1, 5] [0, 0, 0, 1]
33 0.8156869411468506 Robot: (10, 5, [1, 0, 1, 0]) Solution: [10, 5] [1, 0, 1, 0]
29 0.744910478591919 Robot: (5, 23, [1, 0, 0, 1]) Solution: [5, 23] [1, 0, 0, 1]
43 1.079540729522705 Robot: (1, 31, [0, 0, 1, 1]) Solution: [1, 31] [0, 0, 1, 1]
23 0.5844821929931641 Robot: (18, 32, [0, 1, 0, 0]) Solution: [18, 32] [0, 1, 0, 0]
25 0.6332476139068604 Robot: (27, 32, [0, 0, 0, 0]) Solution: [27, 32] [0, 0, 0, 0]
25 0.6172573566436768 Robot: (1, 12, [0, 0, 0, 1]) Solution: [1, 12] [0, 0, 0, 1]
33 0.837357759475708 Robot: (6, 32, [0, 1, 0, 0]) Solution: [6, 32] [0, 1, 0, 0]
28 0.687777042388916 Robot: (12, 30, [0, 0, 0, 1]) Solution: [12, 30] [0, 0, 0, 1]
21 0.5495798587799072 Robot: (12, 11, [0, 0, 0, 0]) Solution: [12, 11] [0, 0, 0, 0]
41 1.0395381450653076 Robot: (3, 10, [0, 1, 0, 0]) Solution: [3, 10] [0, 1, 0, 0]
47 1.1654002666473389 Robot: (13, 7, [1, 0, 0, 0]) Solution: [13, 7] [1, 0, 0, 0]
42 1.0480976104736328 Robot: (10, 3, [1, 0, 1, 0]) Solution: [10, 3] [1, 0, 1, 0]
27 0.6648125648498535 Robot: (25, 19, [1, 0, 1, 0]) Solution: [25, 19] [1, 0, 1, 0]
30 0.7710604667663574 Robot: (22, 19, [0, 0, 1, 0]) Solution: [22, 19] [0, 0, 1, 0]
43 1.0786588191986084 Robot: (11, 35, [1, 0, 0, 1]) Solution: [11, 35] [1, 0, 0, 1]
33 0.8211328983306885 Robot: (15, 30, [0, 0, 0, 0]) Solution: [15, 30] [0, 0, 0, 0]
23 0.5772430896759033 Robot: (26, 30, [0, 1, 0, 1]) Solution: [26, 30] [0, 1, 0, 1]
41 1.0285532474517822 Robot: (27, 24, [0, 0, 0, 0]) Solution: [27, 24] [0, 0, 0, 0]
26 0.8476779460906982 Robot: (27, 27, [1, 0, 1, 0]) Solution: [27, 27] [1, 0, 1, 0]
48 3.0719964504241943 Robot: (27, 5, [0, 1, 1, 0]) Solution: [27, 5] [0, 1, 1, 0]
43 2.0502521991729736 Robot: (18, 32, [0, 1, 0, 0]) Solution: [18, 32] [0, 1, 0, 0]
36 1.7287073135375977 Robot: (31, 7, [0, 1, 0, 0]) Solution: [31, 7] [0, 1, 0, 0]
42 1.9914805889129639 Robot: (21, 19, [1, 0, 1, 0]) Solution: [21, 19] [1, 0, 1, 0]
37 1.7615859508514404 Robot: (9, 4, [0, 1, 0, 0]) Solution: [9, 4] [0, 1, 0, 0]
18 0.8670954704284668 Robot: (16, 30, [0, 1, 0, 0]) Solution: [16, 30] [0, 1, 0, 0]
68 3.258779525756836 Robot: (18, 32, [0, 1, 0, 0]) Solution: [18, 32] [0, 1, 0, 0]
30 1.4496185779571533 Robot: (5, 36, [0, 0, 0, 0]) Solution: [5, 36] [0, 0, 0, 0]
26 1.2276806831359863 Robot: (31, 32, [0, 1, 0, 0]) Solution: [31, 32] [0, 1, 0, 0]
18 0.86692214012146 Robot: (11, 8, [0, 1, 0, 0]) Solution: [11, 8] [0, 1, 0, 0]
51 2.4196016788482666 Robot: (28, 29, [1, 0, 1, 0]) Solution: [28, 29] [1, 0, 1, 0]
40 1.9266855716705322 Robot: (18, 25, [1, 0, 1, 0]) Solution: [18, 25] [1, 0, 1, 0]
29 1.4997854232788086 Robot: (13, 2, [0, 0, 0, 1]) Solution: [13, 2] [0, 0, 0, 1]
83 4.253173112869263 Robot: (13, 34, [0, 1, 0, 1]) Solution: [13, 34] [0, 1, 0, 1]
28 1.270146369934082 Robot: (16, 31, [0, 0, 0, 0]) Solution: [16, 31] [0, 0, 0, 0]
41 1.2913925647735596 Robot: (22, 19, [0, 0, 1, 0]) Solution: [22, 19] [0, 0, 1, 0]
38 1.0749845504760742 Robot: (28, 27, [0, 0, 1, 0]) Solution: [28, 27] [0, 0, 1, 0]
30 1.1213023662567139 Robot: (31, 24, [0, 1, 0, 1]) Solution: [31, 24] [0, 1, 0, 1]
18 0.6199777126312256 Robot: (18, 30, [0, 0, 0, 1]) Solution: [18, 30] [0, 0, 0, 1]
23 0.7603962421417236 Robot: (20, 19, [0, 0, 1, 0]) Solution: [20, 19] [0, 0, 1, 0]
32 1.005357265472412 Robot: (1, 36, [0, 1, 0, 1]) Solution: [1, 36] [0, 1, 0, 1]
33 1.8951010704040527 Robot: (5, 20, [0, 0, 0, 1]) Solution: [5, 20] [0, 0, 0, 1]
20 1.0936248302459717 Robot: (11, 7, [1, 0, 0, 1]) Solution: [11, 7] [1, 0, 0, 1]
29 1.5939114093780518 Robot: (20, 17, [0, 0, 0, 0]) Solution: [20, 17] [0, 0, 0, 0]
36 1.9737393856048584 Robot: (7, 8, [0, 0, 0, 1]) Solution: [7, 8] [0, 0, 0, 1]
38 1.278794288635254 Robot: (27, 5, [0, 1, 1, 0]) Solution: [27, 5] [0, 1, 1, 0]
35 1.166409969329834 Robot: (24, 16, [0, 0, 1, 0]) Solution: [24, 16] [0, 0, 1, 0]
22 0.704740047454834 Robot: (31, 17, [0, 1, 0, 0]) Solution: [31, 17] [0, 1, 0, 0]
35 1.4373559951782227 Robot: (23, 30, [0, 1, 0, 1]) Solution: [23, 30] [0, 1, 0, 1]
37 1.8060269355773926 Robot: (12, 10, [0, 1, 0, 1]) Solution: [12, 10] [0, 1, 0, 1]
40 1.7037992477416992 Robot: (25, 34, [0, 1, 0, 1]) Solution: [25, 34] [0, 1, 0, 1]
19 0.6313507556915283 Robot: (1, 6, [0, 0, 0, 1]) Solution: [1, 6] [0, 0, 0, 1]
29 1.043504238128662 Robot: (16, 12, [0, 0, 1, 0]) Solution: [16, 12] [0, 0, 1, 0]
21 0.6767458915710449 Robot: (21, 33, [0, 0, 0, 0]) Solution: [21, 33] [0, 0, 0, 0]
52 1.8219876289367676 Robot: (18, 32, [0, 1, 0, 0]) Solution: [18, 32] [0, 1, 0, 0]
44 1.6195712089538574 Robot: (7, 7, [1, 0, 0, 0]) Solution: [7, 7] [1, 0, 0, 0]
28 0.7903032302856445 Robot: (25, 11, [1, 0, 0, 1]) Solution: [25, 11] [1, 0, 0, 1]
35 1.0009913444519043 Robot: (7, 30, [0, 1, 0, 1]) Solution: [7, 30] [0, 1, 0, 1]
32 0.8726625442504883 Robot: (29, 31, [1, 0, 1, 0]) Solution: [29, 31] [1, 0, 1, 0]
48 1.354834794998169 Robot: (4, 36, [0, 0, 0, 1]) Solution: [4, 36] [0, 0, 0, 1]
21 0.5897104740142822 Robot: (16, 32, [0, 0, 1, 0]) Solution: [16, 32] [0, 0, 1, 0]
27 0.7681043148040771 Robot: (21, 22, [0, 1, 0, 1]) Solution: [21, 22] [0, 1, 0, 1]
44 1.4960551261901855 Robot: (27, 19, [0, 1, 1, 0]) Solution: [27, 19] [0, 1, 1, 0]
30 1.2887442111968994 Robot: (1, 4, [0, 0, 0, 1]) Solution: [1, 4] [0, 0, 0, 1]
56 1.6922223567962646 Robot: (31, 5, [0, 1, 0, 0]) Solution: [31, 5] [0, 1, 0, 0]
17 0.4595365524291992 Robot: (15, 15, [0, 0, 0, 0]) Solution: [15, 15] [0, 0, 0, 0]
38 1.0391087532043457 Robot: (27, 5, [0, 1, 1, 0]) Solution: [27, 5] [0, 1, 1, 0]
42 1.1016533374786377 Robot: (9, 33, [1, 1, 0, 0]) Solution: [9, 33] [1, 1, 0, 0]
26 0.6647534370422363 Robot: (4, 37, [0, 0, 1, 0]) Solution: [4, 37] [0, 0, 1, 0]
26 0.7618000507354736 Robot: (16, 30, [0, 1, 0, 0]) Solution: [16, 30] [0, 1, 0, 0]
29 1.0997817516326904 Robot: (31, 16, [0, 1, 0, 0]) Solution: [31, 16] [0, 1, 0, 0]
45 1.5317509174346924 Robot: (30, 31, [0, 0, 0, 0]) Solution: [30, 31] [0, 0, 0, 0]
55 1.665407419204712 Robot: (30, 17, [0, 0, 1, 0]) Solution: [30, 17] [0, 0, 1, 0]
36 0.9359922409057617 Robot: (10, 3, [1, 0, 1, 0]) Solution: [10, 3] [1, 0, 1, 0]
33 0.9616758823394775 Robot: (31, 32, [0, 1, 0, 0]) Solution: [31, 32] [0, 1, 0, 0]
39 1.2340774536132812 Robot: (15, 22, [0, 1, 0, 1]) Solution: [15, 22] [0, 1, 0, 1]
36 1.1770634651184082 Robot: (13, 17, [0, 1, 0, 0]) Solution: [13, 17] [0, 1, 0, 0]
25 0.8328227996826172 Robot: (14, 31, [0, 0, 0, 0]) Solution: [14, 31] [0, 0, 0, 0]
28 1.0336668491363525 Robot: (15, 23, [0, 0, 0, 0]) Solution: [15, 23] [0, 0, 0, 0]
27 1.1412978172302246 Robot: (31, 34, [0, 1, 0, 0]) Solution: [31, 34] [0, 1, 0, 0]
16 0.509528636932373 Robot: (1, 23, [1, 0, 0, 1]) Solution: [1, 23] [1, 0, 0, 1]
24 0.7297577857971191 Robot: (24, 32, [0, 1, 0, 1]) Solution: [24, 32] [0, 1, 0, 1]
28 1.0918810367584229 Robot: (6, 15, [1, 0, 0, 0]) Solution: [6, 15] [1, 0, 0, 0]
30 1.0388233661651611 Robot: (9, 37, [1, 0, 1, 0]) Solution: [9, 37] [1, 0, 1, 0]
32 1.1038713455200195 Robot: (25, 37, [0, 0, 1, 0]) Solution: [25, 37] [0, 0, 1, 0]
27 0.8751327991485596 Robot: (21, 14, [0, 1, 0, 0]) Solution: [21, 14] [0, 1, 0, 0]
43 1.9983627796173096 Robot: (24, 2, [0, 0, 1, 0]) Solution: [24, 2] [0, 0, 1, 0]
40 1.374190330505371 Robot: (21, 3, [0, 1, 1, 0]) Solution: [21, 3] [0, 1, 1, 0]
36 1.2809531688690186 Robot: (6, 6, [1, 1, 0, 0]) Solution: [6, 6] [1, 1, 0, 0]
33 1.036705732345581 Robot: (9, 8, [0, 0, 0, 0]) Solution: [9, 8] [0, 0, 0, 0]
27 0.9593064785003662 Robot: (6, 16, [0, 0, 0, 1]) Solution: [6, 16] [0, 0, 0, 1]
21 0.5431997776031494 Robot: (31, 32, [0, 1, 0, 0]) Solution: [31, 32] [0, 1, 0, 0]
30 0.7709834575653076 Robot: (23, 5, [1, 0, 1, 0]) Solution: [23, 5] [1, 0, 1, 0]
26 0.8947391510009766 Robot: (15, 16, [0, 1, 0, 0]) Solution: [15, 16] [0, 1, 0, 0]
25 0.7387096881866455 Robot: (1, 34, [0, 1, 0, 1]) Solution: [1, 34] [0, 1, 0, 1]
41 1.3367998600006104 Robot: (26, 1, [1, 0, 1, 0]) Solution: [26, 1] [1, 0, 1, 0]
36 1.0659821033477783 Robot: (21, 15, [0, 1, 1, 0]) Solution: [21, 15] [0, 1, 1, 0]
43 1.342665195465088 Robot: (10, 23, [0, 0, 1, 0]) Solution: [10, 23] [0, 0, 1, 0]
54 1.5282621383666992 Robot: (1, 3, [0, 0, 0, 1]) Solution: [1, 3] [0, 0, 0, 1]
28 0.7887930870056152 Robot: (28, 15, [1, 0, 0, 0]) Solution: [28, 15] [1, 0, 0, 0]
48 1.3308959007263184 Robot: (24, 19, [1, 0, 0, 0]) Solution: [24, 19] [1, 0, 0, 0]
29 0.8533799648284912 Robot: (9, 14, [0, 1, 0, 1]) Solution: [9, 14] [0, 1, 0, 1]
21 0.6105451583862305 Robot: (31, 16, [0, 1, 0, 0]) Solution: [31, 16] [0, 1, 0, 0]
36 0.9753634929656982 Robot: (7, 9, [0, 0, 0, 0]) Solution: [7, 9] [0, 0, 0, 0]
42 1.2059974670410156 Robot: (25, 13, [0, 1, 1, 0]) Solution: [25, 13] [0, 1, 1, 0]
39 1.0706496238708496 Robot: (7, 29, [0, 0, 0, 0]) Solution: [7, 29] [0, 0, 0, 0]
37 1.1231417655944824 Robot: (9, 14, [0, 1, 0, 1]) Solution: [9, 14] [0, 1, 0, 1]
45 1.7834465503692627 Robot: (25, 37, [0, 0, 1, 0]) Solution: [25, 37] [0, 0, 1, 0]
34 1.1501200199127197 Robot: (17, 3, [1, 1, 0, 0]) Solution: [17, 3] [1, 1, 0, 0]
37 1.2517340183258057 Robot: (8, 5, [0, 0, 1, 0]) Solution: [8, 5] [0, 0, 1, 0]
44 1.3864176273345947 Robot: (11, 1, [1, 0, 0, 1]) Solution: [11, 1] [1, 0, 0, 1]
26 0.8172879219055176 Robot: (19, 28, [0, 1, 0, 1]) Solution: [19, 28] [0, 1, 0, 1]
25 0.990123987197876 Robot: (1, 5, [0, 0, 0, 1]) Solution: [1, 5] [0, 0, 0, 1]
31 1.0993633270263672 Robot: (30, 9, [1, 0, 1, 0]) Solution: [30, 9] [1, 0, 1, 0]
44 1.305044412612915 Robot: (9, 18, [0, 1, 0, 1]) Solution: [9, 18] [0, 1, 0, 1]
27 0.7851831912994385 Robot: (9, 3, [0, 0, 0, 1]) Solution: [9, 3] [0, 0, 0, 1]
35 0.9996411800384521 Robot: (30, 15, [1, 0, 0, 0]) Solution: [30, 15] [1, 0, 0, 0]
38 1.098229169845581 Robot: (2, 29, [1, 0, 1, 0]) Solution: [2, 29] [1, 0, 1, 0]
32 0.8842649459838867 Robot: (23, 10, [0, 0, 0, 1]) Solution: [23, 10] [0, 0, 0, 1]
55 1.4784395694732666 Robot: (29, 24, [0, 1, 0, 0]) Solution: [29, 24] [0, 1, 0, 0]
30 0.8157844543457031 Robot: (19, 25, [0, 0, 0, 0]) Solution: [19, 25] [0, 0, 0, 0]
33 0.9200263023376465 Robot: (6, 37, [0, 0, 1, 0]) Solution: [6, 37] [0, 0, 1, 0]
30 1.4667575359344482 Robot: (11, 16, [0, 1, 0, 1]) Solution: [11, 16] [0, 1, 0, 1]
58 1.9595887660980225 Robot: (10, 34, [1, 1, 1, 0]) Solution: [10, 34] [1, 1, 1, 0]
38 1.5066521167755127 Robot: (23, 17, [0, 1, 1, 0]) Solution: [23, 17] [0, 1, 1, 0]
38 1.4410302639007568 Robot: (12, 10, [0, 1, 0, 1]) Solution: [12, 10] [0, 1, 0, 1]
79 2.5677192211151123 Robot: (30, 19, [1, 0, 1, 0]) Solution: [30, 19] [1, 0, 1, 0]
23 0.6370301246643066 Robot: (5, 23, [1, 0, 0, 1]) Solution: [5, 23] [1, 0, 0, 1]
32 1.1737968921661377 Robot: (21, 22, [0, 1, 0, 1]) Solution: [21, 22] [0, 1, 0, 1]
34 1.1519455909729004 Robot: (26, 1, [1, 0, 1, 0]) Solution: [26, 1] [1, 0, 1, 0]
33 1.061858892440796 Robot: (31, 17, [0, 1, 0, 0]) Solution: [31, 17] [0, 1, 0, 0]
28 1.0113730430603027 Robot: (14, 32, [0, 0, 1, 1]) Solution: [14, 32] [0, 0, 1, 1]
53 1.575132131576538 Robot: (11, 21, [1, 0, 1, 0]) Solution: [11, 21] [1, 0, 1, 0]
33 1.1246023178100586 Robot: (7, 16, [0, 1, 0, 0]) Solution: [7, 16] [0, 1, 0, 0]
40 1.5229034423828125 Robot: (28, 15, [1, 0, 0, 0]) Solution: [28, 15] [1, 0, 0, 0]
25 0.7686619758605957 Robot: (9, 7, [0, 1, 0, 0]) Solution: [9, 7] [0, 1, 0, 0]
79 2.3529319763183594 Robot: (1, 26, [0, 0, 0, 1]) Solution: [1, 26] [0, 0, 0, 1]
28 0.7322633266448975 Robot: (14, 31, [0, 0, 0, 0]) Solution: [14, 31] [0, 0, 0, 0]
32 0.9421091079711914 Robot: (4, 37, [0, 0, 1, 0]) Solution: [4, 37] [0, 0, 1, 0]
70 2.46567702293396 Robot: (1, 29, [0, 0, 0, 1]) Solution: [1, 29] [0, 0, 0, 1]
17 0.6939845085144043 Robot: (15, 20, [0, 1, 0, 0]) Solution: [15, 20] [0, 1, 0, 0]
47 1.9079127311706543 Robot: (12, 15, [1, 0, 1, 0]) Solution: [12, 15] [1, 0, 1, 0]
31 0.9302470684051514 Robot: (25, 16, [0, 1, 0, 0]) Solution: [25, 16] [0, 1, 0, 0]
27 0.8808314800262451 Robot: (6, 7, [0, 0, 1, 0]) Solution: [6, 7] [0, 0, 1, 0]
24 0.7439024448394775 Robot: (17, 16, [0, 1, 0, 1]) Solution: [17, 16] [0, 1, 0, 1]
27 0.8707840442657471 Robot: (24, 5, [0, 0, 1, 0]) Solution: [24, 5] [0, 0, 1, 0]
32 0.9398636817932129 Robot: (29, 25, [0, 0, 1, 0]) Solution: [29, 25] [0, 0, 1, 0]
38 1.6463067531585693 Robot: (15, 18, [0, 1, 0, 0]) Solution: [15, 18] [0, 1, 0, 0]
44 1.5672376155853271 Robot: (6, 6, [1, 1, 0, 0]) Solution: [6, 6] [1, 1, 0, 0]
38 1.1289927959442139 Robot: (4, 29, [1, 0, 1, 0]) Solution: [4, 29] [1, 0, 1, 0]
23 0.7752318382263184 Robot: (1, 25, [0, 0, 0, 1]) Solution: [1, 25] [0, 0, 0, 1]
38 1.2691805362701416 Robot: (1, 5, [0, 0, 0, 1]) Solution: [1, 5] [0, 0, 0, 1]
33 0.9356622695922852 Robot: (11, 19, [1, 0, 1, 0]) Solution: [11, 19] [1, 0, 1, 0]
25 0.7020692825317383 Robot: (6, 36, [1, 0, 0, 0]) Solution: [6, 36] [1, 0, 0, 0]
36 1.081629753112793 Robot: (12, 7, [0, 0, 1, 0]) Solution: [12, 7] [0, 0, 1, 0]
63 2.61456561088562 Robot: (25, 35, [0, 1, 0, 0]) Solution: [25, 35] [0, 1, 0, 0]
23 1.1518564224243164 Robot: (5, 18, [0, 0, 0, 1]) Solution: [5, 18] [0, 0, 0, 1]
48 2.3825924396514893 Robot: (9, 35, [0, 1, 1, 0]) Solution: [9, 35] [0, 1, 1, 0]
23 1.153479814529419 Robot: (19, 22, [0, 1, 0, 1]) Solution: [19, 22] [0, 1, 0, 1]
36 1.7893991470336914 Robot: (6, 28, [0, 0, 0, 1]) Solution: [6, 28] [0, 0, 0, 1]
23 1.1344940662384033 Robot: (1, 7, [0, 0, 0, 1]) Solution: [1, 7] [0, 0, 0, 1]
33 1.6323328018188477 Robot: (9, 25, [1, 0, 1, 0]) Solution: [9, 25] [1, 0, 1, 0]
52 2.592646837234497 Robot: (23, 29, [0, 0, 0, 0]) Solution: [23, 29] [0, 0, 0, 0]
41 2.027743339538574 Robot: (25, 5, [1, 0, 0, 0]) Solution: [25, 5] [1, 0, 0, 0]
23 1.154052495956421 Robot: (17, 12, [0, 1, 0, 0]) Solution: [17, 12] [0, 1, 0, 0]
37 1.8491325378417969 Robot: (14, 16, [0, 0, 1, 0]) Solution: [14, 16] [0, 0, 1, 0]
44 2.1924350261688232 Robot: (6, 31, [1, 0, 0, 0]) Solution: [6, 31] [1, 0, 0, 0]
37 1.8346881866455078 Robot: (31, 6, [0, 1, 0, 0]) Solution: [31, 6] [0, 1, 0, 0]
30 1.4846570491790771 Robot: (7, 10, [0, 1, 0, 1]) Solution: [7, 10] [0, 1, 0, 1]
26 1.2849338054656982 Robot: (19, 4, [0, 0, 0, 1]) Solution: [19, 4] [0, 0, 0, 1]
28 1.3831593990325928 Robot: (21, 24, [0, 0, 0, 1]) Solution: [21, 24] [0, 0, 0, 1]
30 1.487619400024414 Robot: (6, 28, [0, 0, 0, 1]) Solution: [6, 28] [0, 0, 0, 1]
26 0.8905282020568848 Robot: (17, 5, [0, 1, 0, 1]) Solution: [17, 5] [0, 1, 0, 1]
22 0.747443675994873 Robot: (8, 15, [1, 0, 1, 0]) Solution: [8, 15] [1, 0, 1, 0]
43 1.5581517219543457 Robot: (25, 27, [0, 0, 1, 0]) Solution: [25, 27] [0, 0, 1, 0]
34 1.133584976196289 Robot: (23, 8, [0, 1, 0, 1]) Solution: [23, 8] [0, 1, 0, 1]
35 0.9261214733123779 Robot: (11, 25, [0, 1, 0, 0]) Solution: [11, 25] [0, 1, 0, 0]
45 1.2440886497497559 Robot: (13, 25, [1, 0, 0, 1]) Solution: [13, 25] [1, 0, 0, 1]
59 1.6834328174591064 Robot: (17, 12, [0, 1, 0, 0]) Solution: [17, 12] [0, 1, 0, 0]
51 1.3385648727416992 Robot: (10, 11, [0, 0, 1, 0]) Solution: [10, 11] [0, 0, 1, 0]
21 0.5998601913452148 Robot: (28, 24, [0, 0, 0, 0]) Solution: [28, 24] [0, 0, 0, 0]
24 0.6061129570007324 Robot: (22, 19, [0, 0, 1, 0]) Solution: [22, 19] [0, 0, 1, 0]
29 0.8539557456970215 Robot: (17, 14, [0, 0, 0, 1]) Solution: [17, 14] [0, 0, 0, 1]
25 0.7869665622711182 Robot: (21, 22, [0, 1, 0, 1]) Solution: [21, 22] [0, 1, 0, 1]
38 1.368067741394043 Robot: (3, 11, [0, 1, 1, 0]) Solution: [3, 11] [0, 1, 1, 0]
48 1.2685096263885498 Robot: (9, 8, [0, 0, 0, 0]) Solution: [9, 8] [0, 0, 0, 0]
26 0.7189629077911377 Robot: (28, 32, [0, 1, 1, 0]) Solution: [28, 32] [0, 1, 1, 0]
36 1.631866455078125 Robot: (1, 29, [0, 0, 0, 1]) Solution: [1, 29] [0, 0, 0, 1]
22 1.065586805343628 Robot: (16, 11, [1, 0, 0, 0]) Solution: [16, 11] [1, 0, 0, 0]
35 1.6762206554412842 Robot: (14, 21, [0, 0, 1, 0]) Solution: [14, 21] [0, 0, 1, 0]
38 1.9265270233154297 Robot: (30, 12, [1, 0, 1, 0]) Solution: [30, 12] [1, 0, 1, 0]
43 2.05305552482605 Robot: (7, 26, [0, 1, 0, 1]) Solution: [7, 26] [0, 1, 0, 1]
30 1.432091474533081 Robot: (20, 4, [0, 1, 0, 0]) Solution: [20, 4] [0, 1, 0, 0]
29 1.3836121559143066 Robot: (16, 15, [1, 0, 1, 0]) Solution: [16, 15] [1, 0, 1, 0]
62 2.9557974338531494 Robot: (2, 10, [0, 0, 0, 1]) Solution: [2, 10] [0, 0, 0, 1]
47 2.254356861114502 Robot: (28, 29, [1, 0, 1, 0]) Solution: [28, 29] [1, 0, 1, 0]
51 2.4498977661132812 Robot: (27, 22, [0, 0, 0, 1]) Solution: [27, 22] [0, 0, 0, 1]
41 2.074636459350586 Robot: (20, 21, [1, 0, 1, 0]) Solution: [20, 21] [1, 0, 1, 0]
32 1.5721194744110107 Robot: (4, 1, [1, 0, 1, 0]) Solution: [4, 1] [1, 0, 1, 0]
50 2.62117862701416 Robot: (30, 21, [1, 0, 1, 0]) Solution: [30, 21] [1, 0, 1, 0]
32 1.5879831314086914 Robot: (20, 14, [0, 0, 0, 1]) Solution: [20, 14] [0, 0, 0, 1]
25 1.2189502716064453 Robot: (7, 29, [0, 0, 0, 0]) Solution: [7, 29] [0, 0, 0, 0]
29 1.4056248664855957 Robot: (1, 15, [1, 0, 0, 1]) Solution: [1, 15] [1, 0, 0, 1]
94 4.7805047035217285 Robot: (27, 11, [1, 1, 0, 0]) Solution: [27, 11] [1, 1, 0, 0]
25 1.2636115550994873 Robot: (21, 23, [0, 0, 0, 0]) Solution: [21, 23] [0, 0, 0, 0]
31 1.6133167743682861 Robot: (10, 5, [1, 0, 1, 0]) Solution: [10, 5] [1, 0, 1, 0]
54 2.813424587249756 Robot: (11, 26, [0, 1, 0, 1]) Solution: [11, 26] [0, 1, 0, 1]
37 1.7633399963378906 Robot: (22, 18, [0, 1, 0, 1]) Solution: [22, 18] [0, 1, 0, 1]
36 1.7274343967437744 Robot: (11, 32, [0, 1, 0, 0]) Solution: [11, 32] [0, 1, 0, 0]
23 1.09344482421875 Robot: (10, 19, [1, 0, 1, 0]) Solution: [10, 19] [1, 0, 1, 0]
63 3.139073133468628 Robot: (1, 4, [0, 0, 0, 1]) Solution: [1, 4] [0, 0, 0, 1]
22 1.094914436340332 Robot: (21, 24, [0, 0, 0, 1]) Solution: [21, 24] [0, 0, 0, 1]
36 1.8801608085632324 Robot: (17, 8, [0, 1, 0, 1]) Solution: [17, 8] [0, 1, 0, 1]
29 1.4740402698516846 Robot: (24, 16, [0, 0, 1, 0]) Solution: [24, 16] [0, 0, 1, 0]
58 3.0731701850891113 Robot: (4, 13, [0, 0, 0, 0]) Solution: [4, 13] [0, 0, 0, 0]
40 2.010653495788574 Robot: (5, 32, [0, 0, 0, 1]) Solution: [5, 32] [0, 0, 0, 1]
44 2.142641067504883 Robot: (21, 5, [1, 0, 0, 0]) Solution: [21, 5] [1, 0, 0, 0]
30 1.4765307903289795 Robot: (8, 1, [1, 0, 0, 0]) Solution: [8, 1] [1, 0, 0, 0]
50 2.4320220947265625 Robot: (23, 35, [1, 0, 1, 0]) Solution: [23, 35] [1, 0, 1, 0]
26 1.2415101528167725 Robot: (20, 17, [0, 0, 0, 0]) Solution: [20, 17] [0, 0, 0, 0]
27 1.2956199645996094 Robot: (6, 23, [1, 0, 1, 0]) Solution: [6, 23] [1, 0, 1, 0]
30 1.4539928436279297 Robot: (7, 1, [1, 0, 0, 0]) Solution: [7, 1] [1, 0, 0, 0]
31 1.504878282546997 Robot: (6, 27, [1, 0, 0, 0]) Solution: [6, 27] [1, 0, 0, 0]
40 1.9272427558898926 Robot: (31, 14, [0, 1, 0, 1]) Solution: [31, 14] [0, 1, 0, 1]
32 1.554527759552002 Robot: (13, 4, [0, 1, 0, 1]) Solution: [13, 4] [0, 1, 0, 1]
34 1.6551671028137207 Robot: (25, 37, [0, 0, 1, 0]) Solution: [25, 37] [0, 0, 1, 0]
22 1.0711164474487305 Robot: (3, 15, [1, 0, 1, 0]) Solution: [3, 15] [1, 0, 1, 0]
24 1.1595418453216553 Robot: (3, 24, [0, 0, 0, 1]) Solution: [3, 24] [0, 0, 0, 1]
25 1.1919569969177246 Robot: (15, 29, [0, 0, 0, 0]) Solution: [15, 29] [0, 0, 0, 0]
28 1.379683494567871 Robot: (6, 31, [1, 0, 0, 0]) Solution: [6, 31] [1, 0, 0, 0]
24 1.1488542556762695 Robot: (31, 10, [0, 1, 0, 1]) Solution: [31, 10] [0, 1, 0, 1]
26 1.257530689239502 Robot: (14, 18, [1, 0, 1, 0]) Solution: [14, 18] [1, 0, 1, 0]
73 5.41518759727478 Robot: (21, 34, [0, 1, 0, 1]) Solution: [21, 34] [0, 1, 0, 1]
35 1.6912362575531006 Robot: (25, 7, [0, 0, 0, 0]) Solution: [25, 7] [0, 0, 0, 0]
18 0.8228809833526611 Robot: (15, 30, [0, 0, 0, 0]) Solution: [15, 30] [0, 0, 0, 0]
46 2.082547903060913 Robot: (19, 30, [0, 1, 0, 0]) Solution: [19, 30] [0, 1, 0, 0]
26 0.6316196918487549 Robot: (6, 16, [0, 0, 0, 1]) Solution: [6, 16] [0, 0, 0, 1]
63 1.542968988418579 Robot: (8, 1, [1, 0, 0, 0]) Solution: [8, 1] [1, 0, 0, 0]
45 1.1263072490692139 Robot: (3, 8, [0, 0, 0, 1]) Solution: [3, 8] [0, 0, 0, 1]
30 0.7372250556945801 Robot: (12, 23, [0, 0, 1, 0]) Solution: [12, 23] [0, 0, 1, 0]
41 1.0027897357940674 Robot: (23, 31, [0, 0, 1, 1]) Solution: [23, 31] [0, 0, 1, 1]
38 0.9312858581542969 Robot: (7, 25, [1, 0, 0, 0]) Solution: [7, 25] [1, 0, 0, 0]
40 1.028496503829956 Robot: (4, 8, [1, 1, 1, 0]) Solution: [4, 8] [1, 1, 1, 0]
29 0.7025933265686035 Robot: (1, 6, [0, 0, 0, 1]) Solution: [1, 6] [0, 0, 0, 1]
26 0.7038953304290771 Robot: (13, 27, [0, 0, 1, 1]) Solution: [13, 27] [0, 0, 1, 1]
22 0.6941757202148438 Robot: (7, 15, [1, 0, 0, 0]) Solution: [7, 15] [1, 0, 0, 0]
20 0.6083145141601562 Robot: (8, 33, [1, 0, 0, 0]) Solution: [8, 33] [1, 0, 0, 0]
54 2.7709803581237793 Robot: (7, 15, [1, 0, 0, 0]) Solution: [7, 15] [1, 0, 0, 0]
33 0.8738846778869629 Robot: (15, 15, [0, 0, 0, 0]) Solution: [15, 15] [0, 0, 0, 0]
31 0.8016834259033203 Robot: (30, 17, [0, 0, 1, 0]) Solution: [30, 17] [0, 0, 1, 0]
45 1.2900607585906982 Robot: (20, 4, [0, 1, 0, 0]) Solution: [20, 4] [0, 1, 0, 0]
46 1.2021186351776123 Robot: (25, 36, [0, 1, 0, 1]) Solution: [25, 36] [0, 1, 0, 1]
31 0.7984085083007812 Robot: (24, 19, [1, 0, 0, 0]) Solution: [24, 19] [1, 0, 0, 0]
29 0.7590072154998779 Robot: (7, 5, [0, 0, 1, 1]) Solution: [7, 5] [0, 0, 1, 1]
57 1.5548605918884277 Robot: (19, 30, [0, 1, 0, 0]) Solution: [19, 30] [0, 1, 0, 0]
34 0.8961739540100098 Robot: (30, 30, [0, 1, 0, 1]) Solution: [30, 30] [0, 1, 0, 1]
25 0.6475536823272705 Robot: (4, 14, [0, 1, 0, 1]) Solution: [4, 14] [0, 1, 0, 1]
21 0.540358304977417 Robot: (15, 16, [0, 1, 0, 0]) Solution: [15, 16] [0, 1, 0, 0]
63 1.689255714416504 Robot: (1, 35, [0, 0, 0, 1]) Solution: [1, 35] [0, 0, 0, 1]
28 0.716604471206665 Robot: (23, 23, [1, 0, 0, 0]) Solution: [23, 23] [1, 0, 0, 0]
23 0.5946974754333496 Robot: (19, 23, [0, 0, 0, 1]) Solution: [19, 23] [0, 0, 0, 1]
41 1.0663607120513916 Robot: (1, 12, [0, 0, 0, 1]) Solution: [1, 12] [0, 0, 0, 1]
22 0.5750265121459961 Robot: (10, 3, [1, 0, 1, 0]) Solution: [10, 3] [1, 0, 1, 0]
47 1.2088019847869873 Robot: (4, 12, [1, 1, 0, 1]) Solution: [4, 12] [1, 1, 0, 1]
24 0.6503691673278809 Robot: (3, 10, [0, 1, 0, 0]) Solution: [3, 10] [0, 1, 0, 0]
41 1.0580253601074219 Robot: (19, 3, [1, 0, 0, 1]) Solution: [19, 3] [1, 0, 0, 1]
35 0.8992621898651123 Robot: (6, 33, [0, 0, 1, 0]) Solution: [6, 33] [0, 0, 1, 0]
32 0.8292231559753418 Robot: (24, 33, [0, 0, 1, 0]) Solution: [24, 33] [0, 0, 1, 0]
22 0.5679290294647217 Robot: (1, 7, [0, 0, 0, 1]) Solution: [1, 7] [0, 0, 0, 1]
62 1.6141464710235596 Robot: (19, 5, [0, 0, 0, 1]) Solution: [19, 5] [0, 0, 0, 1]
52 1.3364253044128418 Robot: (5, 34, [0, 1, 0, 1]) Solution: [5, 34] [0, 1, 0, 1]
23 0.6011738777160645 Robot: (5, 24, [0, 1, 0, 0]) Solution: [5, 24] [0, 1, 0, 0]
36 0.9300022125244141 Robot: (12, 30, [0, 0, 0, 1]) Solution: [12, 30] [0, 0, 0, 1]
30 0.7593636512756348 Robot: (31, 34, [0, 1, 0, 0]) Solution: [31, 34] [0, 1, 0, 0]
37 0.9662914276123047 Robot: (1, 11, [1, 0, 0, 1]) Solution: [1, 11] [1, 0, 0, 1]
63 1.704030990600586 Robot: (31, 7, [0, 1, 0, 0]) Solution: [31, 7] [0, 1, 0, 0]
64 1.6520252227783203 Robot: (4, 37, [0, 0, 1, 0]) Solution: [4, 37] [0, 0, 1, 0]
26 0.6549234390258789 Robot: (15, 11, [1, 0, 0, 0]) Solution: [15, 11] [1, 0, 0, 0]
30 0.8138947486877441 Robot: (2, 22, [0, 0, 0, 1]) Solution: [2, 22] [0, 0, 0, 1]
44 1.1512479782104492 Robot: (2, 16, [0, 1, 1, 0]) Solution: [2, 16] [0, 1, 1, 0]
18 0.4641566276550293 Robot: (24, 32, [0, 1, 0, 1]) Solution: [24, 32] [0, 1, 0, 1]
30 0.7795679569244385 Robot: (23, 27, [0, 0, 0, 0]) Solution: [23, 27] [0, 0, 0, 0]
16 0.4237179756164551 Robot: (21, 17, [1, 0, 1, 0]) Solution: [21, 17] [1, 0, 1, 0]
27 0.6964385509490967 Robot: (13, 3, [0, 1, 0, 1]) Solution: [13, 3] [0, 1, 0, 1]
21 0.5455522537231445 Robot: (19, 33, [1, 0, 1, 0]) Solution: [19, 33] [1, 0, 1, 0]
48 1.2619762420654297 Robot: (29, 1, [1, 0, 0, 0]) Solution: [29, 1] [1, 0, 0, 0]
22 0.5667951107025146 Robot: (6, 33, [0, 0, 1, 0]) Solution: [6, 33] [0, 0, 1, 0]
30 0.7755155563354492 Robot: (9, 35, [0, 1, 1, 0]) Solution: [9, 35] [0, 1, 1, 0]
23 0.5963540077209473 Robot: (9, 29, [0, 1, 0, 0]) Solution: [9, 29] [0, 1, 0, 0]
26 0.6555848121643066 Robot: (25, 34, [0, 1, 0, 1]) Solution: [25, 34] [0, 1, 0, 1]
39 1.0191326141357422 Robot: (23, 27, [0, 0, 0, 0]) Solution: [23, 27] [0, 0, 0, 0]
30 0.811845064163208 Robot: (19, 4, [0, 0, 0, 1]) Solution: [19, 4] [0, 0, 0, 1]
67 1.7548494338989258 Robot: (13, 33, [1, 1, 0, 0]) Solution: [13, 33] [1, 1, 0, 0]
33 0.8498759269714355 Robot: (29, 15, [0, 0, 1, 0]) Solution: [29, 15] [0, 0, 1, 0]
39 1.0066161155700684 Robot: (24, 27, [0, 0, 1, 0]) Solution: [24, 27] [0, 0, 1, 0]
49 1.2842395305633545 Robot: (24, 1, [1, 0, 0, 0]) Solution: [24, 1] [1, 0, 0, 0]
34 0.883875846862793 Robot: (24, 4, [1, 1, 0, 1]) Solution: [24, 4] [1, 1, 0, 1]
26 0.6732900142669678 Robot: (4, 33, [1, 0, 1, 0]) Solution: [4, 33] [1, 0, 1, 0]
34 0.8802816867828369 Robot: (27, 12, [0, 1, 0, 1]) Solution: [27, 12] [0, 1, 0, 1]
41 1.0511023998260498 Robot: (19, 31, [0, 0, 1, 0]) Solution: [19, 31] [0, 0, 1, 0]
38 0.9838156700134277 Robot: (5, 27, [1, 0, 1, 0]) Solution: [5, 27] [1, 0, 1, 0]
48 1.2434988021850586 Robot: (3, 11, [0, 1, 1, 0]) Solution: [3, 11] [0, 1, 1, 0]
41 1.0684127807617188 Robot: (1, 1, [1, 0, 0, 1]) Solution: [1, 1] [1, 0, 0, 1]
32 0.825354814529419 Robot: (17, 14, [0, 0, 0, 1]) Solution: [17, 14] [0, 0, 0, 1]
24 0.6244053840637207 Robot: (17, 33, [0, 0, 1, 1]) Solution: [17, 33] [0, 0, 1, 1]
24 0.6097218990325928 Robot: (8, 34, [0, 0, 0, 1]) Solution: [8, 34] [0, 0, 0, 1]
22 0.5873985290527344 Robot: (4, 8, [1, 1, 1, 0]) Solution: [4, 8] [1, 1, 1, 0]
50 1.3126578330993652 Robot: (22, 1, [1, 0, 1, 0]) Solution: [22, 1] [1, 0, 1, 0]
34 0.8833045959472656 Robot: (27, 24, [0, 0, 0, 0]) Solution: [27, 24] [0, 0, 0, 0]
21 0.5373983383178711 Robot: (1, 24, [0, 1, 0, 1]) Solution: [1, 24] [0, 1, 0, 1]
29 0.7703118324279785 Robot: (26, 27, [1, 0, 1, 0]) Solution: [26, 27] [1, 0, 1, 0]
37 0.9526834487915039 Robot: (31, 24, [0, 1, 0, 1]) Solution: [31, 24] [0, 1, 0, 1]
45 1.1585240364074707 Robot: (2, 6, [0, 1, 0, 0]) Solution: [2, 6] [0, 1, 0, 0]
22 0.5688953399658203 Robot: (6, 36, [1, 0, 0, 0]) Solution: [6, 36] [1, 0, 0, 0]
48 1.3634703159332275 Robot: (15, 7, [0, 0, 1, 0]) Solution: [15, 7] [0, 0, 1, 0]
22 0.5735838413238525 Robot: (22, 25, [0, 0, 1, 0]) Solution: [22, 25] [0, 0, 1, 0]
59 1.634150743484497 Robot: (26, 30, [0, 1, 0, 1]) Solution: [26, 30] [0, 1, 0, 1]
45 1.1774940490722656 Robot: (10, 5, [1, 0, 1, 0]) Solution: [10, 5] [1, 0, 1, 0]
78 2.0183281898498535 Robot: (19, 5, [0, 0, 0, 1]) Solution: [19, 5] [0, 0, 0, 1]
33 0.8532373905181885 Robot: (7, 23, [1, 0, 1, 0]) Solution: [7, 23] [1, 0, 1, 0]
30 0.7667982578277588 Robot: (7, 18, [0, 1, 0, 0]) Solution: [7, 18] [0, 1, 0, 0]
24 0.6335086822509766 Robot: (21, 25, [0, 0, 1, 0]) Solution: [21, 25] [0, 0, 1, 0]
37 0.9496243000030518 Robot: (13, 1, [1, 1, 0, 0]) Solution: [13, 1] [1, 1, 0, 0]
49 1.266542673110962 Robot: (4, 37, [0, 0, 1, 0]) Solution: [4, 37] [0, 0, 1, 0]
38 0.9825766086578369 Robot: (1, 2, [0, 1, 0, 1]) Solution: [1, 2] [0, 1, 0, 1]
62 1.5986945629119873 Robot: (4, 26, [1, 1, 0, 0]) Solution: [4, 26] [1, 1, 0, 0]
32 0.8368427753448486 Robot: (16, 1, [1, 0, 1, 0]) Solution: [16, 1] [1, 0, 1, 0]
40 1.036020278930664 Robot: (2, 16, [0, 1, 1, 0]) Solution: [2, 16] [0, 1, 1, 0]
48 1.2640690803527832 Robot: (5, 37, [0, 0, 1, 0]) Solution: [5, 37] [0, 0, 1, 0]
26 0.667097806930542 Robot: (9, 29, [0, 1, 0, 0]) Solution: [9, 29] [0, 1, 0, 0]
23 0.610522985458374 Robot: (7, 7, [1, 0, 0, 0]) Solution: [7, 7] [1, 0, 0, 0]
23 0.6111147403717041 Robot: (16, 9, [1, 0, 1, 0]) Solution: [16, 9] [1, 0, 1, 0]
25 0.6446006298065186 Robot: (3, 24, [0, 0, 0, 1]) Solution: [3, 24] [0, 0, 0, 1]
35 0.9320876598358154 Robot: (9, 23, [1, 0, 1, 0]) Solution: [9, 23] [1, 0, 1, 0]
23 0.5935022830963135 Robot: (14, 27, [0, 0, 0, 0]) Solution: [14, 27] [0, 0, 0, 0]
34 0.8853778839111328 Robot: (25, 1, [1, 0, 0, 0]) Solution: [25, 1] [1, 0, 0, 0]
24 0.6325507164001465 Robot: (23, 8, [0, 1, 0, 1]) Solution: [23, 8] [0, 1, 0, 1]
33 0.8636574745178223 Robot: (22, 13, [1, 0, 1, 0]) Solution: [22, 13] [1, 0, 1, 0]
30 0.791370153427124 Robot: (3, 24, [0, 0, 0, 1]) Solution: [3, 24] [0, 0, 0, 1]
22 0.5639047622680664 Robot: (31, 16, [0, 1, 0, 0]) Solution: [31, 16] [0, 1, 0, 0]
40 1.0367920398712158 Robot: (15, 25, [0, 0, 1, 0]) Solution: [15, 25] [0, 0, 1, 0]
25 0.64459228515625 Robot: (8, 21, [1, 0, 1, 0]) Solution: [8, 21] [1, 0, 1, 0]
41 1.0690948963165283 Robot: (31, 17, [0, 1, 0, 0]) Solution: [31, 17] [0, 1, 0, 0]
73 1.8869054317474365 Robot: (13, 19, [0, 1, 1, 0]) Solution: [13, 19] [0, 1, 1, 0]
70 1.869734287261963 Robot: (21, 37, [0, 0, 1, 0]) Solution: [21, 37] [0, 0, 1, 0]
27 0.6957557201385498 Robot: (7, 18, [0, 1, 0, 0]) Solution: [7, 18] [0, 1, 0, 0]
32 0.8336687088012695 Robot: (1, 25, [0, 0, 0, 1]) Solution: [1, 25] [0, 0, 0, 1]
48 1.251833438873291 Robot: (18, 14, [1, 1, 1, 0]) Solution: [18, 14] [1, 1, 1, 0]
35 0.924464225769043 Robot: (16, 7, [1, 0, 1, 0]) Solution: [16, 7] [1, 0, 1, 0]
18 0.4696781635284424 Robot: (9, 7, [0, 1, 0, 0]) Solution: [9, 7] [0, 1, 0, 0]
26 0.6746435165405273 Robot: (17, 11, [1, 0, 0, 0]) Solution: [17, 11] [1, 0, 0, 0]
24 0.6240324974060059 Robot: (6, 21, [0, 0, 1, 0]) Solution: [6, 21] [0, 0, 1, 0]
21 0.5569698810577393 Robot: (19, 13, [0, 0, 1, 1]) Solution: [19, 13] [0, 0, 1, 1]
47 1.2507359981536865 Robot: (27, 3, [1, 1, 0, 0]) Solution: [27, 3] [1, 1, 0, 0]
31 0.8271033763885498 Robot: (8, 8, [0, 0, 0, 0]) Solution: [8, 8] [0, 0, 0, 0]
26 0.6705703735351562 Robot: (28, 17, [0, 0, 1, 0]) Solution: [28, 17] [0, 0, 1, 0]
23 0.5959897041320801 Robot: (13, 30, [0, 0, 0, 0]) Solution: [13, 30] [0, 0, 0, 0]
48 1.2463912963867188 Robot: (21, 9, [1, 0, 1, 0]) Solution: [21, 9] [1, 0, 1, 0]
35 0.9303238391876221 Robot: (3, 24, [0, 0, 0, 1]) Solution: [3, 24] [0, 0, 0, 1]
45 1.1820862293243408 Robot: (28, 35, [0, 0, 0, 0]) Solution: [28, 35] [0, 0, 0, 0]
68 1.780510425567627 Robot: (17, 8, [0, 1, 0, 1]) Solution: [17, 8] [0, 1, 0, 1]
33 0.8583462238311768 Robot: (25, 15, [1, 0, 0, 0]) Solution: [25, 15] [1, 0, 0, 0]
24 0.619234561920166 Robot: (13, 18, [0, 0, 0, 1]) Solution: [13, 18] [0, 0, 0, 1]
23 0.5939509868621826 Robot: (4, 19, [1, 0, 1, 0]) Solution: [4, 19] [1, 0, 1, 0]
47 1.2283523082733154 Robot: (28, 16, [0, 1, 0, 0]) Solution: [28, 16] [0, 1, 0, 0]
31 0.8162944316864014 Robot: (31, 6, [0, 1, 0, 0]) Solution: [31, 6] [0, 1, 0, 0]
27 0.6943511962890625 Robot: (19, 12, [0, 1, 0, 1]) Solution: [19, 12] [0, 1, 0, 1]
22 0.57655930519104 Robot: (15, 12, [0, 0, 0, 1]) Solution: [15, 12] [0, 0, 0, 1]
26 0.6687188148498535 Robot: (21, 25, [0, 0, 1, 0]) Solution: [21, 25] [0, 0, 1, 0]
38 1.0007164478302002 Robot: (26, 21, [0, 0, 1, 0]) Solution: [26, 21] [0, 0, 1, 0]
39 1.0038433074951172 Robot: (18, 37, [1, 0, 1, 0]) Solution: [18, 37] [1, 0, 1, 0]
30 0.7739212512969971 Robot: (31, 35, [0, 1, 0, 0]) Solution: [31, 35] [0, 1, 0, 0]
26 0.6738882064819336 Robot: (19, 7, [0, 0, 1, 1]) Solution: [19, 7] [0, 0, 1, 1]
24 0.6272571086883545 Robot: (28, 34, [1, 1, 0, 0]) Solution: [28, 34] [1, 1, 0, 0]
20 0.5125172138214111 Robot: (23, 12, [0, 1, 0, 1]) Solution: [23, 12] [0, 1, 0, 1]
36 0.9400980472564697 Robot: (12, 30, [0, 0, 0, 1]) Solution: [12, 30] [0, 0, 0, 1]
25 0.6400191783905029 Robot: (28, 22, [1, 1, 0, 0]) Solution: [28, 22] [1, 1, 0, 0]
59 1.5285584926605225 Robot: (4, 12, [1, 1, 0, 1]) Solution: [4, 12] [1, 1, 0, 1]
31 0.8024561405181885 Robot: (5, 7, [0, 0, 1, 1]) Solution: [5, 7] [0, 0, 1, 1]
53 1.388629674911499 Robot: (17, 22, [0, 1, 0, 1]) Solution: [17, 22] [0, 1, 0, 1]
37 0.9649665355682373 Robot: (23, 11, [0, 1, 0, 1]) Solution: [23, 11] [0, 1, 0, 1]
31 0.7932033538818359 Robot: (27, 11, [1, 1, 0, 0]) Solution: [27, 11] [1, 1, 0, 0]
24 0.6365835666656494 Robot: (8, 4, [1, 0, 0, 0]) Solution: [8, 4] [1, 0, 0, 0]
23 0.59450364112854 Robot: (6, 18, [0, 0, 1, 0]) Solution: [6, 18] [0, 0, 1, 0]
30 0.7749886512756348 Robot: (1, 36, [0, 1, 0, 1]) Solution: [1, 36] [0, 1, 0, 1]
38 0.9855055809020996 Robot: (1, 31, [0, 0, 1, 1]) Solution: [1, 31] [0, 0, 1, 1]
47 1.2415695190429688 Robot: (28, 27, [0, 0, 1, 0]) Solution: [28, 27] [0, 0, 1, 0]
47 1.2259202003479004 Robot: (29, 10, [0, 1, 0, 0]) Solution: [29, 10] [0, 1, 0, 0]
51 1.315220594406128 Robot: (10, 22, [0, 1, 0, 1]) Solution: [10, 22] [0, 1, 0, 1]
36 0.9390544891357422 Robot: (11, 32, [0, 1, 0, 0]) Solution: [11, 32] [0, 1, 0, 0]
18 0.46609067916870117 Robot: (5, 18, [0, 0, 0, 1]) Solution: [5, 18] [0, 0, 0, 1]
30 0.797968864440918 Robot: (17, 28, [0, 1, 0, 1]) Solution: [17, 28] [0, 1, 0, 1]
27 0.6940863132476807 Robot: (13, 19, [0, 1, 1, 0]) Solution: [13, 19] [0, 1, 1, 0]
34 0.8948185443878174 Robot: (7, 4, [0, 0, 0, 1]) Solution: [7, 4] [0, 0, 0, 1]
39 1.0114529132843018 Robot: (1, 7, [0, 0, 0, 1]) Solution: [1, 7] [0, 0, 0, 1]
26 0.7047898769378662 Robot: (31, 18, [0, 1, 0, 1]) Solution: [31, 18] [0, 1, 0, 1]
29 0.751699686050415 Robot: (15, 33, [0, 1, 0, 1]) Solution: [15, 33] [0, 1, 0, 1]
27 0.7099850177764893 Robot: (14, 26, [0, 1, 0, 0]) Solution: [14, 26] [0, 1, 0, 0]
30 0.7723817825317383 Robot: (22, 25, [0, 0, 1, 0]) Solution: [22, 25] [0, 0, 1, 0]
35 0.9109935760498047 Robot: (11, 9, [0, 0, 1, 1]) Solution: [11, 9] [0, 0, 1, 1]
23 0.5944950580596924 Robot: (8, 34, [0, 0, 0, 1]) Solution: [8, 34] [0, 0, 0, 1]
34 0.8921980857849121 Robot: (1, 16, [0, 0, 0, 1]) Solution: [1, 16] [0, 0, 0, 1]
25 0.6517658233642578 Robot: (24, 32, [0, 1, 0, 1]) Solution: [24, 32] [0, 1, 0, 1]
24 0.6362440586090088 Robot: (14, 11, [1, 0, 1, 0]) Solution: [14, 11] [1, 0, 1, 0]
26 0.6740217208862305 Robot: (13, 9, [0, 0, 1, 0]) Solution: [13, 9] [0, 0, 1, 0]
29 0.7628235816955566 Robot: (1, 4, [0, 0, 0, 1]) Solution: [1, 4] [0, 0, 0, 1]
42 1.0956923961639404 Robot: (26, 11, [1, 0, 1, 0]) Solution: [26, 11] [1, 0, 1, 0]
25 0.6373531818389893 Robot: (12, 21, [1, 0, 0, 0]) Solution: [12, 21] [1, 0, 0, 0]
24 0.6456155776977539 Robot: (30, 34, [0, 0, 0, 1]) Solution: [30, 34] [0, 0, 0, 1]
26 0.667750358581543 Robot: (22, 25, [0, 0, 1, 0]) Solution: [22, 25] [0, 0, 1, 0]
54 1.4143872261047363 Robot: (5, 32, [0, 0, 0, 1]) Solution: [5, 32] [0, 0, 0, 1]
27 0.7364630699157715 Robot: (19, 25, [0, 0, 0, 0]) Solution: [19, 25] [0, 0, 0, 0]
34 0.8944332599639893 Robot: (31, 31, [1, 1, 0, 0]) Solution: [31, 31] [1, 1, 0, 0]
30 0.7827622890472412 Robot: (20, 13, [1, 0, 0, 0]) Solution: [20, 13] [1, 0, 0, 0]
52 1.3581640720367432 Robot: (25, 6, [0, 1, 0, 1]) Solution: [25, 6] [0, 1, 0, 1]
41 1.0586342811584473 Robot: (12, 12, [0, 1, 0, 1]) Solution: [12, 12] [0, 1, 0, 1]
26 0.6813244819641113 Robot: (12, 23, [0, 0, 1, 0]) Solution: [12, 23] [0, 0, 1, 0]
26 0.687781572341919 Robot: (29, 14, [0, 1, 0, 1]) Solution: [29, 14] [0, 1, 0, 1]
25 0.6409039497375488 Robot: (10, 8, [1, 0, 1, 0]) Solution: [10, 8] [1, 0, 1, 0]
30 0.785466194152832 Robot: (14, 18, [1, 0, 1, 0]) Solution: [14, 18] [1, 0, 1, 0]
20 0.520911693572998 Robot: (4, 22, [1, 1, 1, 0]) Solution: [4, 22] [1, 1, 1, 0]
29 0.7559623718261719 Robot: (6, 37, [0, 0, 1, 0]) Solution: [6, 37] [0, 0, 1, 0]
24 0.6446573734283447 Robot: (13, 30, [0, 0, 0, 0]) Solution: [13, 30] [0, 0, 0, 0]
32 0.8212497234344482 Robot: (27, 24, [0, 0, 0, 0]) Solution: [27, 24] [0, 0, 0, 0]
32 0.8424077033996582 Robot: (28, 34, [1, 1, 0, 0]) Solution: [28, 34] [1, 1, 0, 0]
41 1.069394826889038 Robot: (28, 17, [0, 0, 1, 0]) Solution: [28, 17] [0, 0, 1, 0]
40 1.050661563873291 Robot: (11, 32, [0, 1, 0, 0]) Solution: [11, 32] [0, 1, 0, 0]
38 0.9953150749206543 Robot: (15, 11, [1, 0, 0, 0]) Solution: [15, 11] [1, 0, 0, 0]
24 0.6412670612335205 Robot: (16, 29, [1, 0, 0, 0]) Solution: [16, 29] [1, 0, 0, 0]
44 1.1332924365997314 Robot: (17, 11, [1, 0, 0, 0]) Solution: [17, 11] [1, 0, 0, 0]
55 1.4345426559448242 Robot: (1, 1, [1, 0, 0, 1]) Solution: [1, 1] [1, 0, 0, 1]
38 1.0188546180725098 Robot: (31, 27, [1, 1, 0, 0]) Solution: [31, 27] [1, 1, 0, 0]
39 1.012089490890503 Robot: (3, 33, [1, 0, 1, 0]) Solution: [3, 33] [1, 0, 1, 0]
65 1.6829164028167725 Robot: (22, 37, [1, 0, 1, 0]) Solution: [22, 37] [1, 0, 1, 0]
28 0.7187590599060059 Robot: (5, 37, [0, 0, 1, 0]) Solution: [5, 37] [0, 0, 1, 0]
52 1.3569145202636719 Robot: (17, 5, [0, 1, 0, 1]) Solution: [17, 5] [0, 1, 0, 1]
30 0.7755420207977295 Robot: (7, 7, [1, 0, 0, 0]) Solution: [7, 7] [1, 0, 0, 0]
47 1.2214717864990234 Robot: (6, 20, [1, 1, 0, 0]) Solution: [6, 20] [1, 1, 0, 0]
27 0.6981287002563477 Robot: (9, 34, [0, 0, 0, 0]) Solution: [9, 34] [0, 0, 0, 0]
43 1.1252992153167725 Robot: (11, 15, [0, 0, 0, 1]) Solution: [11, 15] [0, 0, 0, 1]
36 0.9279789924621582 Robot: (4, 12, [1, 1, 0, 1]) Solution: [4, 12] [1, 1, 0, 1]
41 1.0698275566101074 Robot: (3, 23, [0, 1, 0, 0]) Solution: [3, 23] [0, 1, 0, 0]
22 0.5662331581115723 Robot: (25, 13, [0, 1, 1, 0]) Solution: [25, 13] [0, 1, 1, 0]
29 0.7516179084777832 Robot: (11, 8, [0, 1, 0, 0]) Solution: [11, 8] [0, 1, 0, 0]
53 1.3811557292938232 Robot: (27, 22, [0, 0, 0, 1]) Solution: [27, 22] [0, 0, 0, 1]
21 0.5444931983947754 Robot: (21, 12, [0, 1, 0, 1]) Solution: [21, 12] [0, 1, 0, 1]
36 0.952864408493042 Robot: (23, 24, [0, 1, 0, 0]) Solution: [23, 24] [0, 1, 0, 0]
23 0.6074914932250977 Robot: (3, 25, [0, 1, 0, 0]) Solution: [3, 25] [0, 1, 0, 0]
28 0.7154791355133057 Robot: (1, 5, [0, 0, 0, 1]) Solution: [1, 5] [0, 0, 0, 1]
24 0.6345813274383545 Robot: (3, 23, [0, 1, 0, 0]) Solution: [3, 23] [0, 1, 0, 0]
28 0.7266149520874023 Robot: (7, 8, [0, 0, 0, 1]) Solution: [7, 8] [0, 0, 0, 1]
35 0.9147441387176514 Robot: (11, 2, [0, 1, 0, 1]) Solution: [11, 2] [0, 1, 0, 1]
23 0.5928945541381836 Robot: (9, 13, [1, 0, 0, 0]) Solution: [9, 13] [1, 0, 0, 0]
26 0.8589534759521484 Robot: (12, 11, [0, 0, 0, 0]) Solution: [12, 11] [0, 0, 0, 0]
28 0.7358784675598145 Robot: (23, 8, [0, 1, 0, 1]) Solution: [23, 8] [0, 1, 0, 1]
24 0.6354422569274902 Robot: (25, 12, [0, 1, 0, 1]) Solution: [25, 12] [0, 1, 0, 1]
20 0.5167484283447266 Robot: (13, 30, [0, 0, 0, 0]) Solution: [13, 30] [0, 0, 0, 0]
34 0.8759365081787109 Robot: (23, 30, [0, 1, 0, 1]) Solution: [23, 30] [0, 1, 0, 1]
29 0.7551085948944092 Robot: (9, 27, [1, 0, 0, 1]) Solution: [9, 27] [1, 0, 0, 1]
34 0.9193577766418457 Robot: (13, 16, [0, 0, 0, 1]) Solution: [13, 16] [0, 0, 0, 1]
20 0.5191473960876465 Robot: (19, 26, [0, 1, 0, 1]) Solution: [19, 26] [0, 1, 0, 1]
23 0.6077513694763184 Robot: (28, 31, [1, 0, 0, 0]) Solution: [28, 31] [1, 0, 0, 0]
32 0.8289084434509277 Robot: (1, 4, [0, 0, 0, 1]) Solution: [1, 4] [0, 0, 0, 1]
52 1.3527894020080566 Robot: (23, 29, [0, 0, 0, 0]) Solution: [23, 29] [0, 0, 0, 0]
46 1.1919913291931152 Robot: (30, 9, [1, 0, 1, 0]) Solution: [30, 9] [1, 0, 1, 0]
34 0.8904919624328613 Robot: (21, 33, [0, 0, 0, 0]) Solution: [21, 33] [0, 0, 0, 0]
25 0.6441621780395508 Robot: (29, 24, [0, 1, 0, 0]) Solution: [29, 24] [0, 1, 0, 0]
46 1.1991748809814453 Robot: (9, 14, [0, 1, 0, 1]) Solution: [9, 14] [0, 1, 0, 1]
45 1.1668031215667725 Robot: (30, 9, [1, 0, 1, 0]) Solution: [30, 9] [1, 0, 1, 0]
82 2.136810779571533 Robot: (21, 37, [0, 0, 1, 0]) Solution: [21, 37] [0, 0, 1, 0]
24 0.6357879638671875 Robot: (20, 25, [1, 0, 1, 0]) Solution: [20, 25] [1, 0, 1, 0]
36 0.9674532413482666 Robot: (6, 6, [1, 1, 0, 0]) Solution: [6, 6] [1, 1, 0, 0]
27 0.6910972595214844 Robot: (31, 29, [0, 1, 1, 0]) Solution: [31, 29] [0, 1, 1, 0]
44 1.1540682315826416 Robot: (29, 3, [0, 0, 0, 1]) Solution: [29, 3] [0, 0, 0, 1]
40 1.0479352474212646 Robot: (17, 5, [0, 1, 0, 1]) Solution: [17, 5] [0, 1, 0, 1]
33 0.8509316444396973 Robot: (15, 9, [1, 0, 1, 0]) Solution: [15, 9] [1, 0, 1, 0]
49 1.2771186828613281 Robot: (31, 37, [0, 1, 1, 0]) Solution: [31, 37] [0, 1, 1, 0]
28 0.7293457984924316 Robot: (3, 24, [0, 0, 0, 1]) Solution: [3, 24] [0, 0, 0, 1]
30 0.7854247093200684 Robot: (28, 16, [0, 1, 0, 0]) Solution: [28, 16] [0, 1, 0, 0]
28 0.7341322898864746 Robot: (20, 13, [1, 0, 0, 0]) Solution: [20, 13] [1, 0, 0, 0]
40 1.0396203994750977 Robot: (31, 18, [0, 1, 0, 1]) Solution: [31, 18] [0, 1, 0, 1]
36 0.9305517673492432 Robot: (26, 37, [1, 0, 1, 0]) Solution: [26, 37] [1, 0, 1, 0]
34 0.8902482986450195 Robot: (13, 1, [1, 1, 0, 0]) Solution: [13, 1] [1, 1, 0, 0]
22 0.567857027053833 Robot: (24, 26, [0, 0, 0, 0]) Solution: [24, 26] [0, 0, 0, 0]
53 1.3905799388885498 Robot: (17, 16, [0, 1, 0, 1]) Solution: [17, 16] [0, 1, 0, 1]
20 0.537956714630127 Robot: (16, 32, [0, 0, 1, 0]) Solution: [16, 32] [0, 0, 1, 0]
36 0.9436407089233398 Robot: (3, 8, [0, 0, 0, 1]) Solution: [3, 8] [0, 0, 0, 1]
30 0.7734365463256836 Robot: (10, 3, [1, 0, 1, 0]) Solution: [10, 3] [1, 0, 1, 0]
37 0.9605391025543213 Robot: (14, 2, [1, 0, 1, 0]) Solution: [14, 2] [1, 0, 1, 0]
33 0.8840837478637695 Robot: (22, 25, [0, 0, 1, 0]) Solution: [22, 25] [0, 0, 1, 0]
22 0.898681640625 Robot: (28, 22, [1, 1, 0, 0]) Solution: [28, 22] [1, 1, 0, 0]
41 1.0970604419708252 Robot: (31, 35, [0, 1, 0, 0]) Solution: [31, 35] [0, 1, 0, 0]
32 0.8312623500823975 Robot: (16, 15, [1, 0, 1, 0]) Solution: [16, 15] [1, 0, 1, 0]
36 0.9336836338043213 Robot: (15, 1, [1, 0, 0, 1]) Solution: [15, 1] [1, 0, 0, 1]
25 0.6523058414459229 Robot: (8, 9, [0, 0, 1, 0]) Solution: [8, 9] [0, 0, 1, 0]
28 0.8536067008972168 Robot: (6, 25, [1, 0, 1, 0]) Solution: [6, 25] [1, 0, 1, 0]
87 2.278212070465088 Robot: (11, 37, [0, 0, 1, 0]) Solution: [11, 37] [0, 0, 1, 0]
33 0.8606038093566895 Robot: (17, 14, [0, 0, 0, 1]) Solution: [17, 14] [0, 0, 0, 1]
23 0.5917580127716064 Robot: (27, 22, [0, 0, 0, 1]) Solution: [27, 22] [0, 0, 0, 1]
37 1.0639045238494873 Robot: (5, 36, [0, 0, 0, 0]) Solution: [5, 36] [0, 0, 0, 0]
59 1.5490376949310303 Robot: (21, 33, [0, 0, 0, 0]) Solution: [21, 33] [0, 0, 0, 0]
31 0.8015198707580566 Robot: (16, 37, [1, 0, 1, 0]) Solution: [16, 37] [1, 0, 1, 0]
23 0.6065957546234131 Robot: (13, 13, [1, 0, 1, 0]) Solution: [13, 13] [1, 0, 1, 0]
22 0.649444580078125 Robot: (13, 22, [0, 1, 0, 0]) Solution: [13, 22] [0, 1, 0, 0]
27 0.7147622108459473 Robot: (11, 13, [1, 0, 0, 0]) Solution: [11, 13] [1, 0, 0, 0]
24 0.6233716011047363 Robot: (7, 15, [1, 0, 0, 0]) Solution: [7, 15] [1, 0, 0, 0]
41 1.0553309917449951 Robot: (7, 37, [0, 0, 1, 0]) Solution: [7, 37] [0, 0, 1, 0]
41 1.0552008152008057 Robot: (6, 21, [0, 0, 1, 0]) Solution: [6, 21] [0, 0, 1, 0]
83 2.1598827838897705 Robot: (29, 37, [1, 0, 1, 0]) Solution: [29, 37] [1, 0, 1, 0]
46 1.1968519687652588 Robot: (31, 24, [0, 1, 0, 1]) Solution: [31, 24] [0, 1, 0, 1]
31 0.8059811592102051 Robot: (11, 11, [1, 0, 1, 0]) Solution: [11, 11] [1, 0, 1, 0]
32 0.8067350387573242 Robot: (5, 37, [0, 0, 1, 0]) Solution: [5, 37] [0, 0, 1, 0]
32 0.8392727375030518 Robot: (2, 22, [0, 0, 0, 1]) Solution: [2, 22] [0, 0, 0, 1]
21 0.5437541007995605 Robot: (4, 37, [0, 0, 1, 0]) Solution: [4, 37] [0, 0, 1, 0]
34 0.8823897838592529 Robot: (12, 10, [0, 1, 0, 1]) Solution: [12, 10] [0, 1, 0, 1]
46 1.21132493019104 Robot: (30, 37, [1, 0, 1, 0]) Solution: [30, 37] [1, 0, 1, 0]
27 0.700063943862915 Robot: (5, 21, [0, 0, 1, 1]) Solution: [5, 21] [0, 0, 1, 1]
53 1.384308099746704 Robot: (5, 11, [0, 0, 1, 1]) Solution: [5, 11] [0, 0, 1, 1]
19 0.48990392684936523 Robot: (15, 32, [0, 0, 0, 0]) Solution: [15, 32] [0, 0, 0, 0]
30 0.7819216251373291 Robot: (4, 27, [0, 0, 1, 0]) Solution: [4, 27] [0, 0, 1, 0]
32 0.8235323429107666 Robot: (8, 24, [0, 1, 0, 1]) Solution: [8, 24] [0, 1, 0, 1]
33 0.8608956336975098 Robot: (21, 12, [0, 1, 0, 1]) Solution: [21, 12] [0, 1, 0, 1]
24 0.6190414428710938 Robot: (25, 16, [0, 1, 0, 0]) Solution: [25, 16] [0, 1, 0, 0]
32 0.8262276649475098 Robot: (9, 21, [1, 0, 1, 0]) Solution: [9, 21] [1, 0, 1, 0]
34 0.8901371955871582 Robot: (10, 28, [0, 0, 1, 0]) Solution: [10, 28] [0, 0, 1, 0]
48 1.2395250797271729 Robot: (28, 35, [0, 0, 0, 0]) Solution: [28, 35] [0, 0, 0, 0]
30 0.7956812381744385 Robot: (16, 31, [0, 0, 0, 0]) Solution: [16, 31] [0, 0, 0, 0]
47 1.1906042098999023 Robot: (14, 2, [1, 0, 1, 0]) Solution: [14, 2] [1, 0, 1, 0]
70 1.8300838470458984 Robot: (23, 16, [0, 0, 0, 1]) Solution: [23, 16] [0, 0, 0, 1]
31 0.8085207939147949 Robot: (19, 24, [0, 1, 0, 1]) Solution: [19, 24] [0, 1, 0, 1]
67 1.7256367206573486 Robot: (1, 1, [1, 0, 0, 1]) Solution: [1, 1] [1, 0, 0, 1]
22 0.5712985992431641 Robot: (31, 7, [0, 1, 0, 0]) Solution: [31, 7] [0, 1, 0, 0]
32 0.8268978595733643 Robot: (27, 33, [0, 1, 0, 1]) Solution: [27, 33] [0, 1, 0, 1]
25 0.6383926868438721 Robot: (2, 23, [0, 0, 1, 0]) Solution: [2, 23] [0, 0, 1, 0]
26 0.6758508682250977 Robot: (7, 29, [0, 0, 0, 0]) Solution: [7, 29] [0, 0, 0, 0]
25 0.6518590450286865 Robot: (6, 28, [0, 0, 0, 1]) Solution: [6, 28] [0, 0, 0, 1]
44 1.1473121643066406 Robot: (20, 23, [1, 0, 1, 0]) Solution: [20, 23] [1, 0, 1, 0]
35 0.8992323875427246 Robot: (21, 6, [0, 1, 0, 1]) Solution: [21, 6] [0, 1, 0, 1]
64 1.670032024383545 Robot: (31, 21, [0, 1, 0, 0]) Solution: [31, 21] [0, 1, 0, 0]
64 1.6487457752227783 Robot: (1, 37, [0, 0, 1, 1]) Solution: [1, 37] [0, 0, 1, 1]
23 0.5866539478302002 Robot: (4, 14, [0, 1, 0, 1]) Solution: [4, 14] [0, 1, 0, 1]
42 1.0803632736206055 Robot: (29, 13, [0, 1, 0, 0]) Solution: [29, 13] [0, 1, 0, 0]
28 0.7324237823486328 Robot: (28, 26, [0, 1, 0, 1]) Solution: [28, 26] [0, 1, 0, 1]
53 1.3764586448669434 Robot: (24, 1, [1, 0, 0, 0]) Solution: [24, 1] [1, 0, 0, 0]
39 1.0164129734039307 Robot: (6, 28, [0, 0, 0, 1]) Solution: [6, 28] [0, 0, 0, 1]
32 0.8343145847320557 Robot: (31, 2, [0, 1, 0, 1]) Solution: [31, 2] [0, 1, 0, 1]
30 0.7796485424041748 Robot: (27, 32, [0, 0, 0, 0]) Solution: [27, 32] [0, 0, 0, 0]
34 0.8809962272644043 Robot: (2, 19, [0, 0, 1, 0]) Solution: [2, 19] [0, 0, 1, 0]
33 0.8612453937530518 Robot: (16, 30, [0, 1, 0, 0]) Solution: [16, 30] [0, 1, 0, 0]
36 0.931941032409668 Robot: (12, 6, [0, 1, 0, 1]) Solution: [12, 6] [0, 1, 0, 1]
44 1.166273593902588 Robot: (4, 17, [1, 0, 1, 0]) Solution: [4, 17] [1, 0, 1, 0]
28 0.8266177177429199 Robot: (11, 31, [1, 0, 0, 1]) Solution: [11, 31] [1, 0, 0, 1]
37 0.9700806140899658 Robot: (13, 21, [1, 0, 0, 0]) Solution: [13, 21] [1, 0, 0, 0]
23 0.5905749797821045 Robot: (31, 23, [0, 1, 0, 1]) Solution: [31, 23] [0, 1, 0, 1]
40 1.0468072891235352 Robot: (31, 18, [0, 1, 0, 1]) Solution: [31, 18] [0, 1, 0, 1]
52 1.3754985332489014 Robot: (7, 37, [0, 0, 1, 0]) Solution: [7, 37] [0, 0, 1, 0]
49 1.308476209640503 Robot: (24, 25, [1, 0, 0, 0]) Solution: [24, 25] [1, 0, 0, 0]
30 0.7733097076416016 Robot: (6, 18, [0, 0, 1, 0]) Solution: [6, 18] [0, 0, 1, 0]
28 0.7342441082000732 Robot: (23, 23, [1, 0, 0, 0]) Solution: [23, 23] [1, 0, 0, 0]
72 1.8597850799560547 Robot: (25, 5, [1, 0, 0, 0]) Solution: [25, 5] [1, 0, 0, 0]
35 0.9171826839447021 Robot: (2, 10, [0, 0, 0, 1]) Solution: [2, 10] [0, 0, 0, 1]
56 1.447197675704956 Robot: (31, 18, [0, 1, 0, 1]) Solution: [31, 18] [0, 1, 0, 1]
28 0.7391481399536133 Robot: (23, 28, [0, 1, 0, 1]) Solution: [23, 28] [0, 1, 0, 1]
42 1.0874993801116943 Robot: (1, 6, [0, 0, 0, 1]) Solution: [1, 6] [0, 0, 0, 1]
27 0.6994736194610596 Robot: (26, 5, [0, 0, 1, 0]) Solution: [26, 5] [0, 0, 1, 0]
22 0.5872840881347656 Robot: (9, 4, [0, 1, 0, 0]) Solution: [9, 4] [0, 1, 0, 0]
23 0.5882365703582764 Robot: (31, 33, [0, 1, 0, 0]) Solution: [31, 33] [0, 1, 0, 0]
27 0.6946802139282227 Robot: (13, 23, [0, 0, 1, 0]) Solution: [13, 23] [0, 0, 1, 0]
32 0.826223611831665 Robot: (4, 19, [1, 0, 1, 0]) Solution: [4, 19] [1, 0, 1, 0]
38 0.9792871475219727 Robot: (2, 19, [0, 0, 1, 0]) Solution: [2, 19] [0, 0, 1, 0]
42 1.081453800201416 Robot: (29, 24, [0, 1, 0, 0]) Solution: [29, 24] [0, 1, 0, 0]
32 1.0361855030059814 Robot: (3, 23, [0, 1, 0, 0]) Solution: [3, 23] [0, 1, 0, 0]
22 0.7045648097991943 Robot: (6, 18, [0, 0, 1, 0]) Solution: [6, 18] [0, 0, 1, 0]
21 0.5350761413574219 Robot: (7, 10, [0, 1, 0, 1]) Solution: [7, 10] [0, 1, 0, 1]
32 0.8617596626281738 Robot: (15, 14, [0, 1, 0, 1]) Solution: [15, 14] [0, 1, 0, 1]
23 0.5854902267456055 Robot: (2, 9, [1, 0, 0, 0]) Solution: [2, 9] [1, 0, 0, 0]
34 0.8910975456237793 Robot: (15, 15, [0, 0, 0, 0]) Solution: [15, 15] [0, 0, 0, 0]
26 0.727381706237793 Robot: (9, 34, [0, 0, 0, 0]) Solution: [9, 34] [0, 0, 0, 0]
34 0.8910541534423828 Robot: (1, 29, [0, 0, 0, 1]) Solution: [1, 29] [0, 0, 0, 1]
29 0.7664916515350342 Robot: (21, 31, [1, 1, 0, 0]) Solution: [21, 31] [1, 1, 0, 0]
27 0.6897897720336914 Robot: (19, 5, [0, 0, 0, 1]) Solution: [19, 5] [0, 0, 0, 1]
25 0.6492512226104736 Robot: (2, 22, [0, 0, 0, 1]) Solution: [2, 22] [0, 0, 0, 1]
39 1.0224931240081787 Robot: (7, 27, [0, 1, 0, 0]) Solution: [7, 27] [0, 1, 0, 0]
41 1.071774959564209 Robot: (29, 23, [1, 1, 0, 0]) Solution: [29, 23] [1, 1, 0, 0]
31 0.7987761497497559 Robot: (1, 37, [0, 0, 1, 1]) Solution: [1, 37] [0, 0, 1, 1]
24 0.6263532638549805 Robot: (1, 13, [0, 0, 1, 1]) Solution: [1, 13] [0, 0, 1, 1]
43 1.1229090690612793 Robot: (31, 33, [0, 1, 0, 0]) Solution: [31, 33] [0, 1, 0, 0]
24 0.6157865524291992 Robot: (11, 29, [0, 0, 1, 1]) Solution: [11, 29] [0, 0, 1, 1]
35 0.9118731021881104 Robot: (27, 21, [1, 1, 0, 0]) Solution: [27, 21] [1, 1, 0, 0]
48 1.2515645027160645 Robot: (25, 33, [1, 1, 0, 0]) Solution: [25, 33] [1, 1, 0, 0]
24 0.6184265613555908 Robot: (24, 27, [0, 0, 1, 0]) Solution: [24, 27] [0, 0, 1, 0]
23 0.5914945602416992 Robot: (1, 6, [0, 0, 0, 1]) Solution: [1, 6] [0, 0, 0, 1]
26 0.6752033233642578 Robot: (17, 22, [0, 1, 0, 1]) Solution: [17, 22] [0, 1, 0, 1]
46 1.17954421043396 Robot: (27, 5, [0, 1, 1, 0]) Solution: [27, 5] [0, 1, 1, 0]
29 0.758267879486084 Robot: (19, 6, [0, 1, 0, 1]) Solution: [19, 6] [0, 1, 0, 1]
34 0.8820428848266602 Robot: (7, 4, [0, 0, 0, 1]) Solution: [7, 4] [0, 0, 0, 1]
31 0.7947332859039307 Robot: (7, 25, [1, 0, 0, 0]) Solution: [7, 25] [1, 0, 0, 0]
34 0.8835616111755371 Robot: (13, 23, [0, 0, 1, 0]) Solution: [13, 23] [0, 0, 1, 0]
23 0.5999233722686768 Robot: (17, 29, [0, 0, 1, 0]) Solution: [17, 29] [0, 0, 1, 0]
51 1.3301703929901123 Robot: (23, 10, [0, 0, 0, 1]) Solution: [23, 10] [0, 0, 0, 1]
31 0.8006768226623535 Robot: (21, 32, [0, 1, 0, 1]) Solution: [21, 32] [0, 1, 0, 1]
23 0.6058614253997803 Robot: (1, 7, [0, 0, 0, 1]) Solution: [1, 7] [0, 0, 0, 1]
26 0.6727902889251709 Robot: (15, 20, [0, 1, 0, 0]) Solution: [15, 20] [0, 1, 0, 0]
36 0.9390950202941895 Robot: (23, 13, [0, 0, 1, 0]) Solution: [23, 13] [0, 0, 1, 0]
26 0.6743171215057373 Robot: (21, 27, [1, 0, 0, 0]) Solution: [21, 27] [1, 0, 0, 0]
43 1.1180105209350586 Robot: (21, 37, [0, 0, 1, 0]) Solution: [21, 37] [0, 0, 1, 0]
56 1.4622228145599365 Robot: (31, 27, [1, 1, 0, 0]) Solution: [31, 27] [1, 1, 0, 0]
26 0.6990113258361816 Robot: (19, 25, [0, 0, 0, 0]) Solution: [19, 25] [0, 0, 0, 0]
31 0.8039569854736328 Robot: (17, 37, [1, 0, 1, 0]) Solution: [17, 37] [1, 0, 1, 0]
40 1.0403447151184082 Robot: (26, 21, [0, 0, 1, 0]) Solution: [26, 21] [0, 0, 1, 0]
28 0.7284536361694336 Robot: (1, 33, [1, 0, 0, 1]) Solution: [1, 33] [1, 0, 0, 1]
21 0.5536136627197266 Robot: (9, 9, [0, 1, 1, 0]) Solution: [9, 9] [0, 1, 1, 0]
34 0.8931410312652588 Robot: (11, 26, [0, 1, 0, 1]) Solution: [11, 26] [0, 1, 0, 1]
39 1.017848014831543 Robot: (22, 37, [1, 0, 1, 0]) Solution: [22, 37] [1, 0, 1, 0]
29 0.7572333812713623 Robot: (23, 5, [1, 0, 1, 0]) Solution: [23, 5] [1, 0, 1, 0]
21 0.5415232181549072 Robot: (21, 21, [1, 0, 0, 0]) Solution: [21, 21] [1, 0, 0, 0]
72 1.8956584930419922 Robot: (20, 14, [0, 0, 0, 1]) Solution: [20, 14] [0, 0, 0, 1]
36 0.9451096057891846 Robot: (21, 34, [0, 1, 0, 1]) Solution: [21, 34] [0, 1, 0, 1]
26 0.6808736324310303 Robot: (9, 18, [0, 1, 0, 1]) Solution: [9, 18] [0, 1, 0, 1]
39 1.0118465423583984 Robot: (13, 15, [1, 0, 0, 0]) Solution: [13, 15] [1, 0, 0, 0]
37 0.9525594711303711 Robot: (11, 36, [0, 1, 0, 1]) Solution: [11, 36] [0, 1, 0, 1]
30 0.7871897220611572 Robot: (21, 12, [0, 1, 0, 1]) Solution: [21, 12] [0, 1, 0, 1]
32 0.8351426124572754 Robot: (8, 23, [1, 0, 0, 0]) Solution: [8, 23] [1, 0, 0, 0]
34 0.887383222579956 Robot: (2, 26, [0, 0, 1, 0]) Solution: [2, 26] [0, 0, 1, 0]
30 0.7768330574035645 Robot: (11, 15, [0, 0, 0, 1]) Solution: [11, 15] [0, 0, 0, 1]
23 0.601433515548706 Robot: (27, 24, [0, 0, 0, 0]) Solution: [27, 24] [0, 0, 0, 0]
36 0.9328162670135498 Robot: (1, 16, [0, 0, 0, 1]) Solution: [1, 16] [0, 0, 0, 1]
32 0.8395569324493408 Robot: (19, 30, [0, 1, 0, 0]) Solution: [19, 30] [0, 1, 0, 0]
24 0.6191151142120361 Robot: (6, 25, [1, 0, 1, 0]) Solution: [6, 25] [1, 0, 1, 0]
38 0.9986121654510498 Robot: (17, 7, [0, 1, 0, 0]) Solution: [17, 7] [0, 1, 0, 0]
45 1.177856206893921 Robot: (21, 3, [0, 1, 1, 0]) Solution: [21, 3] [0, 1, 1, 0]
24 0.6180586814880371 Robot: (1, 1, [1, 0, 0, 1]) Solution: [1, 1] [1, 0, 0, 1]
24 0.6182417869567871 Robot: (1, 3, [0, 0, 0, 1]) Solution: [1, 3] [0, 0, 0, 1]
20 0.5264773368835449 Robot: (3, 26, [0, 0, 0, 0]) Solution: [3, 26] [0, 0, 0, 0]
36 0.9367730617523193 Robot: (6, 32, [0, 1, 0, 0]) Solution: [6, 32] [0, 1, 0, 0]
53 1.36118745803833 Robot: (7, 16, [0, 1, 0, 0]) Solution: [7, 16] [0, 1, 0, 0]
38 0.9867932796478271 Robot: (28, 32, [0, 1, 1, 0]) Solution: [28, 32] [0, 1, 1, 0]
33 0.850348949432373 Robot: (27, 11, [1, 1, 0, 0]) Solution: [27, 11] [1, 1, 0, 0]
60 1.599897861480713 Robot: (5, 9, [1, 0, 0, 1]) Solution: [5, 9] [1, 0, 0, 1]
21 0.591944694519043 Robot: (1, 25, [0, 0, 0, 1]) Solution: [1, 25] [0, 0, 0, 1]
35 0.9964888095855713 Robot: (2, 26, [0, 0, 1, 0]) Solution: [2, 26] [0, 0, 1, 0]
27 0.7308609485626221 Robot: (24, 16, [0, 0, 1, 0]) Solution: [24, 16] [0, 0, 1, 0]
30 0.7802457809448242 Robot: (7, 23, [1, 0, 1, 0]) Solution: [7, 23] [1, 0, 1, 0]
40 1.0353879928588867 Robot: (25, 9, [0, 0, 1, 1]) Solution: [25, 9] [0, 0, 1, 1]
32 0.82834792137146 Robot: (23, 16, [0, 0, 0, 1]) Solution: [23, 16] [0, 0, 0, 1]
30 0.7784388065338135 Robot: (7, 15, [1, 0, 0, 0]) Solution: [7, 15] [1, 0, 0, 0]
28 0.7275843620300293 Robot: (16, 7, [1, 0, 1, 0]) Solution: [16, 7] [1, 0, 1, 0]
36 0.9308524131774902 Robot: (31, 3, [0, 1, 0, 0]) Solution: [31, 3] [0, 1, 0, 0]
52 1.3541646003723145 Robot: (4, 14, [0, 1, 0, 1]) Solution: [4, 14] [0, 1, 0, 1]
29 0.7496294975280762 Robot: (12, 31, [0, 0, 1, 0]) Solution: [12, 31] [0, 0, 1, 0]
64 1.6607816219329834 Robot: (19, 5, [0, 0, 0, 1]) Solution: [19, 5] [0, 0, 0, 1]
26 0.6664564609527588 Robot: (27, 31, [1, 0, 0, 0]) Solution: [27, 31] [1, 0, 0, 0]
52 1.3461995124816895 Robot: (20, 27, [1, 0, 1, 0]) Solution: [20, 27] [1, 0, 1, 0]
34 0.8917503356933594 Robot: (20, 14, [0, 0, 0, 1]) Solution: [20, 14] [0, 0, 0, 1]
41 1.0707883834838867 Robot: (1, 13, [0, 0, 1, 1]) Solution: [1, 13] [0, 0, 1, 1]
25 0.6473376750946045 Robot: (17, 29, [0, 0, 1, 0]) Solution: [17, 29] [0, 0, 1, 0]
22 0.5767960548400879 Robot: (20, 5, [0, 0, 1, 0]) Solution: [20, 5] [0, 0, 1, 0]
42 1.0846645832061768 Robot: (23, 26, [0, 0, 0, 1]) Solution: [23, 26] [0, 0, 0, 1]
29 0.7533392906188965 Robot: (23, 11, [0, 1, 0, 1]) Solution: [23, 11] [0, 1, 0, 1]
24 0.6253926753997803 Robot: (8, 37, [0, 0, 1, 0]) Solution: [8, 37] [0, 0, 1, 0]
33 0.8618934154510498 Robot: (15, 32, [0, 0, 0, 0]) Solution: [15, 32] [0, 0, 0, 0]
33 0.843745231628418 Robot: (4, 26, [1, 1, 0, 0]) Solution: [4, 26] [1, 1, 0, 0]
25 0.6570873260498047 Robot: (7, 11, [0, 0, 1, 0]) Solution: [7, 11] [0, 0, 1, 0]
24 0.6198394298553467 Robot: (31, 11, [0, 1, 0, 1]) Solution: [31, 11] [0, 1, 0, 1]
21 0.5508344173431396 Robot: (21, 15, [0, 1, 1, 0]) Solution: [21, 15] [0, 1, 1, 0]
23 0.5835108757019043 Robot: (30, 4, [0, 0, 0, 0]) Solution: [30, 4] [0, 0, 0, 0]
41 1.0806903839111328 Robot: (27, 16, [0, 0, 0, 1]) Solution: [27, 16] [0, 0, 0, 1]
35 0.9083302021026611 Robot: (15, 25, [0, 0, 1, 0]) Solution: [15, 25] [0, 0, 1, 0]
39 1.0041601657867432 Robot: (1, 19, [0, 0, 0, 1]) Solution: [1, 19] [0, 0, 0, 1]
30 0.7719855308532715 Robot: (23, 12, [0, 1, 0, 1]) Solution: [23, 12] [0, 1, 0, 1]
44 1.1679883003234863 Robot: (1, 9, [0, 0, 1, 1]) Solution: [1, 9] [0, 0, 1, 1]
27 0.6970574855804443 Robot: (20, 3, [1, 0, 0, 0]) Solution: [20, 3] [1, 0, 0, 0]
28 0.7231767177581787 Robot: (28, 24, [0, 0, 0, 0]) Solution: [28, 24] [0, 0, 0, 0]
24 0.6190130710601807 Robot: (15, 35, [0, 0, 1, 1]) Solution: [15, 35] [0, 0, 1, 1]
45 1.1612305641174316 Robot: (31, 16, [0, 1, 0, 0]) Solution: [31, 16] [0, 1, 0, 0]
31 0.816037654876709 Robot: (23, 30, [0, 1, 0, 1]) Solution: [23, 30] [0, 1, 0, 1]
21 0.537693977355957 Robot: (3, 19, [1, 0, 0, 0]) Solution: [3, 19] [1, 0, 0, 0]
34 0.8837385177612305 Robot: (6, 27, [1, 0, 0, 0]) Solution: [6, 27] [1, 0, 0, 0]
31 0.7949848175048828 Robot: (22, 18, [0, 1, 0, 1]) Solution: [22, 18] [0, 1, 0, 1]
35 0.936692476272583 Robot: (21, 37, [0, 0, 1, 0]) Solution: [21, 37] [0, 0, 1, 0]
44 1.145139455795288 Robot: (3, 22, [0, 0, 0, 0]) Solution: [3, 22] [0, 0, 0, 0]
28 0.712885856628418 Robot: (16, 3, [1, 0, 1, 0]) Solution: [16, 3] [1, 0, 1, 0]
26 0.6769556999206543 Robot: (8, 1, [1, 0, 0, 0]) Solution: [8, 1] [1, 0, 0, 0]
24 0.6203188896179199 Robot: (31, 4, [0, 1, 0, 0]) Solution: [31, 4] [0, 1, 0, 0]
55 1.437774658203125 Robot: (23, 30, [0, 1, 0, 1]) Solution: [23, 30] [0, 1, 0, 1]
28 0.7150158882141113 Robot: (12, 28, [1, 1, 0, 0]) Solution: [12, 28] [1, 1, 0, 0]
25 0.6464784145355225 Robot: (11, 32, [0, 1, 0, 0]) Solution: [11, 32] [0, 1, 0, 0]
29 0.7500786781311035 Robot: (25, 16, [0, 1, 0, 0]) Solution: [25, 16] [0, 1, 0, 0]
19 0.4897425174713135 Robot: (28, 22, [1, 1, 0, 0]) Solution: [28, 22] [1, 1, 0, 0]
46 1.2031757831573486 Robot: (20, 9, [1, 0, 0, 0]) Solution: [20, 9] [1, 0, 0, 0]
59 1.5293891429901123 Robot: (25, 2, [0, 1, 0, 0]) Solution: [25, 2] [0, 1, 0, 0]
45 1.1562352180480957 Robot: (20, 37, [1, 0, 1, 0]) Solution: [20, 37] [1, 0, 1, 0]
30 0.7829978466033936 Robot: (19, 7, [0, 0, 1, 1]) Solution: [19, 7] [0, 0, 1, 1]
29 0.7578752040863037 Robot: (20, 1, [1, 0, 1, 0]) Solution: [20, 1] [1, 0, 1, 0]
28 0.7282986640930176 Robot: (8, 7, [1, 0, 0, 0]) Solution: [8, 7] [1, 0, 0, 0]
32 0.8383386135101318 Robot: (29, 18, [0, 1, 0, 1]) Solution: [29, 18] [0, 1, 0, 1]
56 1.4551312923431396 Robot: (21, 2, [0, 1, 0, 1]) Solution: [21, 2] [0, 1, 0, 1]
36 0.9289283752441406 Robot: (3, 26, [0, 0, 0, 0]) Solution: [3, 26] [0, 0, 0, 0]
45 1.1859066486358643 Robot: (12, 11, [0, 0, 0, 0]) Solution: [12, 11] [0, 0, 0, 0]
21 0.5559582710266113 Robot: (9, 14, [0, 1, 0, 1]) Solution: [9, 14] [0, 1, 0, 1]
26 0.6767985820770264 Robot: (5, 35, [0, 1, 0, 0]) Solution: [5, 35] [0, 1, 0, 0]
28 0.7339928150177002 Robot: (31, 11, [0, 1, 0, 1]) Solution: [31, 11] [0, 1, 0, 1]
24 0.6171700954437256 Robot: (23, 27, [0, 0, 0, 0]) Solution: [23, 27] [0, 0, 0, 0]
19 0.4851353168487549 Robot: (21, 24, [0, 0, 0, 1]) Solution: [21, 24] [0, 0, 0, 1]
37 0.9590659141540527 Robot: (30, 6, [0, 0, 0, 1]) Solution: [30, 6] [0, 0, 0, 1]
24 0.6240806579589844 Robot: (17, 19, [1, 0, 1, 0]) Solution: [17, 19] [1, 0, 1, 0]
51 1.3393311500549316 Robot: (27, 9, [0, 1, 1, 0]) Solution: [27, 9] [0, 1, 1, 0]
29 0.7458062171936035 Robot: (8, 24, [0, 1, 0, 1]) Solution: [8, 24] [0, 1, 0, 1]
50 1.2829749584197998 Robot: (4, 24, [1, 0, 1, 0]) Solution: [4, 24] [1, 0, 1, 0]
24 0.6236579418182373 Robot: (15, 31, [0, 0, 0, 0]) Solution: [15, 31] [0, 0, 0, 0]
43 1.4870648384094238 Robot: (1, 6, [0, 0, 0, 1]) Solution: [1, 6] [0, 0, 0, 1]
53 1.7037591934204102 Robot: (11, 8, [0, 1, 0, 0]) Solution: [11, 8] [0, 1, 0, 0]
42 1.1526703834533691 Robot: (14, 7, [1, 0, 1, 0]) Solution: [14, 7] [1, 0, 1, 0]
41 1.2016522884368896 Robot: (15, 30, [0, 0, 0, 0]) Solution: [15, 30] [0, 0, 0, 0]
51 1.3554227352142334 Robot: (31, 31, [1, 1, 0, 0]) Solution: [31, 31] [1, 1, 0, 0]
33 0.8379781246185303 Robot: (15, 7, [0, 0, 1, 0]) Solution: [15, 7] [0, 0, 1, 0]
32 0.8370389938354492 Robot: (9, 34, [0, 0, 0, 0]) Solution: [9, 34] [0, 0, 0, 0]
37 0.9571144580841064 Robot: (11, 7, [1, 0, 0, 1]) Solution: [11, 7] [1, 0, 0, 1]
21 0.5456454753875732 Robot: (17, 28, [0, 1, 0, 1]) Solution: [17, 28] [0, 1, 0, 1]
24 0.6226406097412109 Robot: (31, 6, [0, 1, 0, 0]) Solution: [31, 6] [0, 1, 0, 0]
25 0.6469049453735352 Robot: (26, 20, [0, 1, 0, 1]) Solution: [26, 20] [0, 1, 0, 1]
35 0.9106640815734863 Robot: (10, 25, [1, 0, 1, 0]) Solution: [10, 25] [1, 0, 1, 0]
34 0.8787105083465576 Robot: (29, 13, [0, 1, 0, 0]) Solution: [29, 13] [0, 1, 0, 0]
36 0.9384486675262451 Robot: (14, 18, [1, 0, 1, 0]) Solution: [14, 18] [1, 0, 1, 0]
37 0.9537701606750488 Robot: (17, 13, [0, 1, 0, 1]) Solution: [17, 13] [0, 1, 0, 1]
27 0.7011468410491943 Robot: (28, 27, [0, 0, 1, 0]) Solution: [28, 27] [0, 0, 1, 0]
36 0.972815990447998 Robot: (31, 17, [0, 1, 0, 0]) Solution: [31, 17] [0, 1, 0, 0]
75 1.955549955368042 Robot: (27, 18, [0, 1, 0, 1]) Solution: [27, 18] [0, 1, 0, 1]
25 0.6388912200927734 Robot: (1, 26, [0, 0, 0, 1]) Solution: [1, 26] [0, 0, 0, 1]
62 1.5914227962493896 Robot: (4, 27, [0, 0, 1, 0]) Solution: [4, 27] [0, 0, 1, 0]
30 0.7970349788665771 Robot: (9, 19, [0, 0, 1, 1]) Solution: [9, 19] [0, 0, 1, 1]
31 0.8041317462921143 Robot: (7, 25, [1, 0, 0, 0]) Solution: [7, 25] [1, 0, 0, 0]
18 0.4565613269805908 Robot: (15, 34, [0, 0, 0, 1]) Solution: [15, 34] [0, 0, 0, 1]
51 1.3041255474090576 Robot: (19, 19, [1, 0, 1, 0]) Solution: [19, 19] [1, 0, 1, 0]
38 0.9906940460205078 Robot: (10, 10, [1, 1, 0, 1]) Solution: [10, 10] [1, 1, 0, 1]
27 0.7070591449737549 Robot: (18, 21, [1, 0, 1, 0]) Solution: [18, 21] [1, 0, 1, 0]
53 1.4234116077423096 Robot: (2, 33, [1, 0, 1, 0]) Solution: [2, 33] [1, 0, 1, 0]
35 0.905778169631958 Robot: (15, 16, [0, 1, 0, 0]) Solution: [15, 16] [0, 1, 0, 0]
29 0.7529668807983398 Robot: (19, 5, [0, 0, 0, 1]) Solution: [19, 5] [0, 0, 0, 1]
32 0.8321239948272705 Robot: (1, 6, [0, 0, 0, 1]) Solution: [1, 6] [0, 0, 0, 1]
27 0.7088682651519775 Robot: (11, 27, [0, 1, 0, 0]) Solution: [11, 27] [0, 1, 0, 0]
45 1.1962661743164062 Robot: (28, 17, [0, 0, 1, 0]) Solution: [28, 17] [0, 0, 1, 0]
38 0.9951820373535156 Robot: (25, 6, [0, 1, 0, 1]) Solution: [25, 6] [0, 1, 0, 1]
47 1.2111515998840332 Robot: (25, 7, [0, 0, 0, 0]) Solution: [25, 7] [0, 0, 0, 0]
27 0.697575569152832 Robot: (5, 31, [1, 0, 0, 0]) Solution: [5, 31] [1, 0, 0, 0]
24 0.6266727447509766 Robot: (14, 31, [0, 0, 0, 0]) Solution: [14, 31] [0, 0, 0, 0]
27 0.7082843780517578 Robot: (21, 3, [0, 1, 1, 0]) Solution: [21, 3] [0, 1, 1, 0]
45 1.1656396389007568 Robot: (24, 23, [1, 0, 1, 0]) Solution: [24, 23] [1, 0, 1, 0]
16 0.4063682556152344 Robot: (23, 30, [0, 1, 0, 1]) Solution: [23, 30] [0, 1, 0, 1]
100 2.5614867210388184 Robot: (7, 27, [0, 1, 0, 0]) Solution: [7, 27] [0, 1, 0, 0]
38 0.9833440780639648 Robot: (14, 2, [1, 0, 1, 0]) Solution: [14, 2] [1, 0, 1, 0]
30 0.7672824859619141 Robot: (29, 21, [0, 0, 1, 1]) Solution: [29, 21] [0, 0, 1, 1]
22 0.572955846786499 Robot: (17, 21, [1, 0, 0, 0]) Solution: [17, 21] [1, 0, 0, 0]
37 0.9434845447540283 Robot: (2, 33, [1, 0, 1, 0]) Solution: [2, 33] [1, 0, 1, 0]
29 0.754331111907959 Robot: (8, 24, [0, 1, 0, 1]) Solution: [8, 24] [0, 1, 0, 1]
31 0.8070287704467773 Robot: (6, 25, [1, 0, 1, 0]) Solution: [6, 25] [1, 0, 1, 0]
41 1.0705749988555908 Robot: (21, 33, [0, 0, 0, 0]) Solution: [21, 33] [0, 0, 0, 0]
24 0.6185882091522217 Robot: (31, 32, [0, 1, 0, 0]) Solution: [31, 32] [0, 1, 0, 0]
58 1.5486526489257812 Robot: (23, 29, [0, 0, 0, 0]) Solution: [23, 29] [0, 0, 0, 0]
31 0.812039852142334 Robot: (26, 23, [1, 0, 0, 0]) Solution: [26, 23] [1, 0, 0, 0]
23 0.5856349468231201 Robot: (22, 13, [1, 0, 1, 0]) Solution: [22, 13] [1, 0, 1, 0]
39 1.0157051086425781 Robot: (17, 21, [1, 0, 0, 0]) Solution: [17, 21] [1, 0, 0, 0]
29 0.7646257877349854 Robot: (31, 18, [0, 1, 0, 1]) Solution: [31, 18] [0, 1, 0, 1]
42 1.0912926197052002 Robot: (16, 35, [0, 0, 1, 0]) Solution: [16, 35] [0, 0, 1, 0]
71 1.8464510440826416 Robot: (18, 37, [1, 0, 1, 0]) Solution: [18, 37] [1, 0, 1, 0]
32 0.8310954570770264 Robot: (5, 34, [0, 1, 0, 1]) Solution: [5, 34] [0, 1, 0, 1]
46 1.193587064743042 Robot: (31, 37, [0, 1, 1, 0]) Solution: [31, 37] [0, 1, 1, 0]
30 0.7785649299621582 Robot: (23, 13, [0, 0, 1, 0]) Solution: [23, 13] [0, 0, 1, 0]
25 0.639826774597168 Robot: (10, 10, [1, 1, 0, 1]) Solution: [10, 10] [1, 1, 0, 1]
39 1.0055222511291504 Robot: (24, 32, [0, 1, 0, 1]) Solution: [24, 32] [0, 1, 0, 1]
40 1.034299373626709 Robot: (23, 24, [0, 1, 0, 0]) Solution: [23, 24] [0, 1, 0, 0]
24 0.7636415958404541 Robot: (1, 16, [0, 0, 0, 1]) Solution: [1, 16] [0, 0, 0, 1]
30 0.784437894821167 Robot: (25, 7, [0, 0, 0, 0]) Solution: [25, 7] [0, 0, 0, 0]
40 1.0414354801177979 Robot: (29, 17, [1, 0, 0, 0]) Solution: [29, 17] [1, 0, 0, 0]
20 0.5204970836639404 Robot: (4, 22, [1, 1, 1, 0]) Solution: [4, 22] [1, 1, 1, 0]
29 0.7392857074737549 Robot: (27, 19, [0, 1, 1, 0]) Solution: [27, 19] [0, 1, 1, 0]
24 0.6321444511413574 Robot: (20, 13, [1, 0, 0, 0]) Solution: [20, 13] [1, 0, 0, 0]
26 0.6717565059661865 Robot: (1, 16, [0, 0, 0, 1]) Solution: [1, 16] [0, 0, 0, 1]
25 0.6579141616821289 Robot: (5, 36, [0, 0, 0, 0]) Solution: [5, 36] [0, 0, 0, 0]
15 0.3857243061065674 Robot: (3, 21, [0, 1, 0, 0]) Solution: [3, 21] [0, 1, 0, 0]
31 0.8084161281585693 Robot: (5, 5, [1, 1, 0, 0]) Solution: [5, 5] [1, 1, 0, 0]
23 0.586942195892334 Robot: (27, 23, [0, 0, 0, 0]) Solution: [27, 23] [0, 0, 0, 0]
23 0.5944428443908691 Robot: (6, 18, [0, 0, 1, 0]) Solution: [6, 18] [0, 0, 1, 0]
19 0.4923067092895508 Robot: (11, 9, [0, 0, 1, 1]) Solution: [11, 9] [0, 0, 1, 1]
26 0.7037463188171387 Robot: (29, 23, [1, 1, 0, 0]) Solution: [29, 23] [1, 1, 0, 0]
50 1.2900121212005615 Robot: (23, 1, [1, 0, 0, 0]) Solution: [23, 1] [1, 0, 0, 0]
40 1.0351877212524414 Robot: (31, 29, [0, 1, 1, 0]) Solution: [31, 29] [0, 1, 1, 0]
31 0.8224248886108398 Robot: (17, 6, [0, 1, 0, 1]) Solution: [17, 6] [0, 1, 0, 1]
28 0.724402904510498 Robot: (22, 18, [0, 1, 0, 1]) Solution: [22, 18] [0, 1, 0, 1]
23 0.5889523029327393 Robot: (16, 32, [0, 0, 1, 0]) Solution: [16, 32] [0, 0, 1, 0]
33 0.8599076271057129 Robot: (11, 9, [0, 0, 1, 1]) Solution: [11, 9] [0, 0, 1, 1]
25 0.6375839710235596 Robot: (5, 20, [0, 0, 0, 1]) Solution: [5, 20] [0, 0, 0, 1]
24 0.6350476741790771 Robot: (15, 7, [0, 0, 1, 0]) Solution: [15, 7] [0, 0, 1, 0]
26 0.672971248626709 Robot: (5, 32, [0, 0, 0, 1]) Solution: [5, 32] [0, 0, 0, 1]
55 1.4813816547393799 Robot: (8, 24, [0, 1, 0, 1]) Solution: [8, 24] [0, 1, 0, 1]
28 0.709892988204956 Robot: (19, 9, [1, 0, 1, 0]) Solution: [19, 9] [1, 0, 1, 0]
35 0.9208765029907227 Robot: (7, 37, [0, 0, 1, 0]) Solution: [7, 37] [0, 0, 1, 0]
32 0.8377046585083008 Robot: (13, 27, [0, 0, 1, 1]) Solution: [13, 27] [0, 0, 1, 1]
44 1.1264781951904297 Robot: (20, 14, [0, 0, 0, 1]) Solution: [20, 14] [0, 0, 0, 1]
34 0.8788866996765137 Robot: (10, 22, [0, 1, 0, 1]) Solution: [10, 22] [0, 1, 0, 1]
33 0.8577489852905273 Robot: (17, 16, [0, 1, 0, 1]) Solution: [17, 16] [0, 1, 0, 1]
32 0.8285160064697266 Robot: (28, 15, [1, 0, 0, 0]) Solution: [28, 15] [1, 0, 0, 0]
32 0.8351294994354248 Robot: (1, 3, [0, 0, 0, 1]) Solution: [1, 3] [0, 0, 0, 1]
59 1.5292041301727295 Robot: (12, 10, [0, 1, 0, 1]) Solution: [12, 10] [0, 1, 0, 1]
30 0.7819044589996338 Robot: (3, 15, [1, 0, 1, 0]) Solution: [3, 15] [1, 0, 1, 0]
39 1.0148983001708984 Robot: (23, 5, [1, 0, 1, 0]) Solution: [23, 5] [1, 0, 1, 0]
39 1.0247836112976074 Robot: (1, 13, [0, 0, 1, 1]) Solution: [1, 13] [0, 0, 1, 1]
28 0.732292890548706 Robot: (10, 21, [1, 0, 0, 0]) Solution: [10, 21] [1, 0, 0, 0]
34 0.8859648704528809 Robot: (10, 23, [0, 0, 1, 0]) Solution: [10, 23] [0, 0, 1, 0]
37 0.9633204936981201 Robot: (29, 13, [0, 1, 0, 0]) Solution: [29, 13] [0, 1, 0, 0]
22 0.5661125183105469 Robot: (1, 31, [0, 0, 1, 1]) Solution: [1, 31] [0, 0, 1, 1]
29 0.7584195137023926 Robot: (1, 26, [0, 0, 0, 1]) Solution: [1, 26] [0, 0, 0, 1]
30 0.793205976486206 Robot: (25, 33, [1, 1, 0, 0]) Solution: [25, 33] [1, 1, 0, 0]
29 0.7468812465667725 Robot: (16, 1, [1, 0, 1, 0]) Solution: [16, 1] [1, 0, 1, 0]
42 1.0930240154266357 Robot: (13, 8, [0, 1, 0, 1]) Solution: [13, 8] [0, 1, 0, 1]
29 0.7558743953704834 Robot: (3, 19, [1, 0, 0, 0]) Solution: [3, 19] [1, 0, 0, 0]
43 1.116772174835205 Robot: (12, 13, [0, 0, 1, 0]) Solution: [12, 13] [0, 0, 1, 0]
30 0.7811954021453857 Robot: (11, 29, [0, 0, 1, 1]) Solution: [11, 29] [0, 0, 1, 1]
31 0.8095285892486572 Robot: (21, 15, [0, 1, 1, 0]) Solution: [21, 15] [0, 1, 1, 0]
24 0.6211793422698975 Robot: (7, 8, [0, 0, 0, 1]) Solution: [7, 8] [0, 0, 0, 1]
28 0.7205286026000977 Robot: (3, 27, [0, 0, 1, 1]) Solution: [3, 27] [0, 0, 1, 1]
33 0.8678689002990723 Robot: (21, 34, [0, 1, 0, 1]) Solution: [21, 34] [0, 1, 0, 1]
24 0.6295166015625 Robot: (25, 16, [0, 1, 0, 0]) Solution: [25, 16] [0, 1, 0, 0]
61 1.6031420230865479 Robot: (14, 2, [1, 0, 1, 0]) Solution: [14, 2] [1, 0, 1, 0]
34 0.874291181564331 Robot: (19, 22, [0, 1, 0, 1]) Solution: [19, 22] [0, 1, 0, 1]
43 1.1261382102966309 Robot: (27, 17, [0, 0, 0, 0]) Solution: [27, 17] [0, 0, 0, 0]
27 0.6966350078582764 Robot: (6, 7, [0, 0, 1, 0]) Solution: [6, 7] [0, 0, 1, 0]
21 0.536933183670044 Robot: (9, 34, [0, 0, 0, 0]) Solution: [9, 34] [0, 0, 0, 0]
144 3.7650182247161865 Robot: (21, 37, [0, 0, 1, 0]) Solution: [21, 37] [0, 0, 1, 0]
41 1.0578663349151611 Robot: (31, 21, [0, 1, 0, 0]) Solution: [31, 21] [0, 1, 0, 0]
30 0.7802169322967529 Robot: (18, 31, [0, 0, 0, 0]) Solution: [18, 31] [0, 0, 0, 0]
46 1.1988699436187744 Robot: (10, 22, [0, 1, 0, 1]) Solution: [10, 22] [0, 1, 0, 1]
54 1.4058506488800049 Robot: (26, 1, [1, 0, 1, 0]) Solution: [26, 1] [1, 0, 1, 0]
47 1.2098383903503418 Robot: (30, 4, [0, 0, 0, 0]) Solution: [30, 4] [0, 0, 0, 0]
35 0.9102847576141357 Robot: (27, 7, [1, 0, 0, 0]) Solution: [27, 7] [1, 0, 0, 0]
24 0.6252543926239014 Robot: (13, 16, [0, 0, 0, 1]) Solution: [13, 16] [0, 0, 0, 1]
25 0.6580729484558105 Robot: (11, 14, [0, 1, 0, 1]) Solution: [11, 14] [0, 1, 0, 1]
39 1.0287022590637207 Robot: (31, 17, [0, 1, 0, 0]) Solution: [31, 17] [0, 1, 0, 0]
34 0.8857316970825195 Robot: (19, 26, [0, 1, 0, 1]) Solution: [19, 26] [0, 1, 0, 1]
42 1.0802974700927734 Robot: (21, 22, [0, 1, 0, 1]) Solution: [21, 22] [0, 1, 0, 1]
38 0.9970529079437256 Robot: (31, 29, [0, 1, 1, 0]) Solution: [31, 29] [0, 1, 1, 0]
46 1.1993684768676758 Robot: (7, 11, [0, 0, 1, 0]) Solution: [7, 11] [0, 0, 1, 0]
87 2.2572290897369385 Robot: (22, 37, [1, 0, 1, 0]) Solution: [22, 37] [1, 0, 1, 0]
29 0.7580616474151611 Robot: (27, 16, [0, 0, 0, 1]) Solution: [27, 16] [0, 0, 0, 1]
26 0.6612908840179443 Robot: (7, 15, [1, 0, 0, 0]) Solution: [7, 15] [1, 0, 0, 0]
32 0.8443946838378906 Robot: (9, 8, [0, 0, 0, 0]) Solution: [9, 8] [0, 0, 0, 0]
40 1.0392746925354004 Robot: (22, 25, [0, 0, 1, 0]) Solution: [22, 25] [0, 0, 1, 0]
41 1.066251277923584 Robot: (12, 22, [0, 0, 0, 1]) Solution: [12, 22] [0, 0, 0, 1]
30 0.7803773880004883 Robot: (1, 33, [1, 0, 0, 1]) Solution: [1, 33] [1, 0, 0, 1]
53 1.365189790725708 Robot: (13, 35, [0, 1, 1, 0]) Solution: [13, 35] [0, 1, 1, 0]
49 1.2903387546539307 Robot: (16, 31, [0, 0, 0, 0]) Solution: [16, 31] [0, 0, 0, 0]
27 0.7120835781097412 Robot: (14, 18, [1, 0, 1, 0]) Solution: [14, 18] [1, 0, 1, 0]
26 0.6749260425567627 Robot: (6, 21, [0, 0, 1, 0]) Solution: [6, 21] [0, 0, 1, 0]
25 0.644242525100708 Robot: (19, 12, [0, 1, 0, 1]) Solution: [19, 12] [0, 1, 0, 1]
33 0.8520514965057373 Robot: (16, 19, [1, 0, 1, 0]) Solution: [16, 19] [1, 0, 1, 0]
23 0.5908322334289551 Robot: (7, 37, [0, 0, 1, 0]) Solution: [7, 37] [0, 0, 1, 0]
23 0.5896658897399902 Robot: (20, 27, [1, 0, 1, 0]) Solution: [20, 27] [1, 0, 1, 0]
34 0.8843295574188232 Robot: (14, 7, [1, 0, 1, 0]) Solution: [14, 7] [1, 0, 1, 0]
19 0.497880220413208 Robot: (21, 34, [0, 1, 0, 1]) Solution: [21, 34] [0, 1, 0, 1]
46 1.1979379653930664 Robot: (8, 13, [1, 0, 1, 0]) Solution: [8, 13] [1, 0, 1, 0]
32 0.821091890335083 Robot: (11, 9, [0, 0, 1, 1]) Solution: [11, 9] [0, 0, 1, 1]
38 0.9878320693969727 Robot: (15, 37, [1, 0, 1, 0]) Solution: [15, 37] [1, 0, 1, 0]
51 1.325011968612671 Robot: (31, 11, [0, 1, 0, 1]) Solution: [31, 11] [0, 1, 0, 1]
25 0.6575543880462646 Robot: (6, 25, [1, 0, 1, 0]) Solution: [6, 25] [1, 0, 1, 0]
23 0.5926167964935303 Robot: (10, 34, [1, 1, 1, 0]) Solution: [10, 34] [1, 1, 1, 0]
30 0.7740302085876465 Robot: (31, 25, [0, 1, 1, 0]) Solution: [31, 25] [0, 1, 1, 0]
30 0.7811980247497559 Robot: (29, 33, [1, 0, 1, 1]) Solution: [29, 33] [1, 0, 1, 1]
28 0.7209553718566895 Robot: (3, 22, [0, 0, 0, 0]) Solution: [3, 22] [0, 0, 0, 0]
37 0.9566783905029297 Robot: (25, 11, [1, 0, 0, 1]) Solution: [25, 11] [1, 0, 0, 1]
52 1.3643922805786133 Robot: (17, 17, [0, 0, 1, 1]) Solution: [17, 17] [0, 0, 1, 1]
52 1.3479413986206055 Robot: (28, 13, [1, 0, 1, 0]) Solution: [28, 13] [1, 0, 1, 0]
50 1.293536901473999 Robot: (1, 2, [0, 1, 0, 1]) Solution: [1, 2] [0, 1, 0, 1]
23 0.6104791164398193 Robot: (26, 5, [0, 0, 1, 0]) Solution: [26, 5] [0, 0, 1, 0]
27 0.696173906326294 Robot: (11, 8, [0, 1, 0, 0]) Solution: [11, 8] [0, 1, 0, 0]
33 0.8546314239501953 Robot: (22, 5, [1, 0, 1, 0]) Solution: [22, 5] [1, 0, 1, 0]
25 0.6447899341583252 Robot: (19, 7, [0, 0, 1, 1]) Solution: [19, 7] [0, 0, 1, 1]
39 1.007394552230835 Robot: (26, 30, [0, 1, 0, 1]) Solution: [26, 30] [0, 1, 0, 1]
52 1.356126070022583 Robot: (6, 13, [1, 0, 1, 0]) Solution: [6, 13] [1, 0, 1, 0]
22 0.567960262298584 Robot: (1, 5, [0, 0, 0, 1]) Solution: [1, 5] [0, 0, 0, 1]
19 0.48198628425598145 Robot: (16, 34, [1, 1, 0, 0]) Solution: [16, 34] [1, 1, 0, 0]
27 0.7041537761688232 Robot: (11, 14, [0, 1, 0, 1]) Solution: [11, 14] [0, 1, 0, 1]
35 0.9019629955291748 Robot: (25, 26, [0, 1, 0, 0]) Solution: [25, 26] [0, 1, 0, 0]
37 0.9515721797943115 Robot: (21, 13, [0, 0, 0, 0]) Solution: [21, 13] [0, 0, 0, 0]
37 0.9516003131866455 Robot: (7, 29, [0, 0, 0, 0]) Solution: [7, 29] [0, 0, 0, 0]
24 0.6246433258056641 Robot: (19, 27, [0, 0, 0, 0]) Solution: [19, 27] [0, 0, 0, 0]
33 0.8690705299377441 Robot: (10, 5, [1, 0, 1, 0]) Solution: [10, 5] [1, 0, 1, 0]
29 0.7430734634399414 Robot: (19, 7, [0, 0, 1, 1]) Solution: [19, 7] [0, 0, 1, 1]
27 0.710599422454834 Robot: (25, 6, [0, 1, 0, 1]) Solution: [25, 6] [0, 1, 0, 1]
41 1.0889341831207275 Robot: (3, 19, [1, 0, 0, 0]) Solution: [3, 19] [1, 0, 0, 0]
37 0.9507770538330078 Robot: (25, 6, [0, 1, 0, 1]) Solution: [25, 6] [0, 1, 0, 1]
39 1.0093116760253906 Robot: (30, 33, [0, 0, 0, 0]) Solution: [30, 33] [0, 0, 0, 0]
25 0.6432249546051025 Robot: (20, 18, [0, 1, 0, 1]) Solution: [20, 18] [0, 1, 0, 1]
35 0.9006001949310303 Robot: (1, 16, [0, 0, 0, 1]) Solution: [1, 16] [0, 0, 0, 1]
38 0.9769272804260254 Robot: (14, 18, [1, 0, 1, 0]) Solution: [14, 18] [1, 0, 1, 0]
35 0.9266982078552246 Robot: (27, 23, [0, 0, 0, 0]) Solution: [27, 23] [0, 0, 0, 0]
19 0.4844849109649658 Robot: (11, 37, [0, 0, 1, 0]) Solution: [11, 37] [0, 0, 1, 0]
44 1.1430537700653076 Robot: (28, 34, [1, 1, 0, 0]) Solution: [28, 34] [1, 1, 0, 0]
32 0.8258693218231201 Robot: (4, 15, [0, 0, 1, 0]) Solution: [4, 15] [0, 0, 1, 0]
50 1.3108422756195068 Robot: (7, 13, [1, 0, 1, 0]) Solution: [7, 13] [1, 0, 1, 0]
37 0.9612090587615967 Robot: (17, 3, [1, 1, 0, 0]) Solution: [17, 3] [1, 1, 0, 0]
83 2.171881914138794 Robot: (17, 9, [0, 0, 1, 0]) Solution: [17, 9] [0, 0, 1, 0]
18 0.4629809856414795 Robot: (14, 27, [0, 0, 0, 0]) Solution: [14, 27] [0, 0, 0, 0]
51 1.329040765762329 Robot: (1, 29, [0, 0, 0, 1]) Solution: [1, 29] [0, 0, 0, 1]
20 0.5112786293029785 Robot: (20, 7, [1, 0, 1, 0]) Solution: [20, 7] [1, 0, 1, 0]
39 1.0148189067840576 Robot: (26, 4, [0, 0, 0, 1]) Solution: [26, 4] [0, 0, 0, 1]
44 1.1354279518127441 Robot: (7, 15, [1, 0, 0, 0]) Solution: [7, 15] [1, 0, 0, 0]
32 0.8262226581573486 Robot: (10, 11, [0, 0, 1, 0]) Solution: [10, 11] [0, 0, 1, 0]
49 1.264530897140503 Robot: (22, 17, [1, 0, 0, 0]) Solution: [22, 17] [1, 0, 0, 0]
25 0.6392631530761719 Robot: (6, 18, [0, 0, 1, 0]) Solution: [6, 18] [0, 0, 1, 0]
24 0.624387264251709 Robot: (4, 27, [0, 0, 1, 0]) Solution: [4, 27] [0, 0, 1, 0]
65 1.676187515258789 Robot: (13, 17, [0, 1, 0, 0]) Solution: [13, 17] [0, 1, 0, 0]
42 1.0977520942687988 Robot: (18, 18, [0, 1, 0, 1]) Solution: [18, 18] [0, 1, 0, 1]
30 0.7570321559906006 Robot: (13, 16, [0, 0, 0, 1]) Solution: [13, 16] [0, 0, 0, 1]
33 0.861534833908081 Robot: (12, 31, [0, 0, 1, 0]) Solution: [12, 31] [0, 0, 1, 0]
65 1.696146011352539 Robot: (15, 5, [1, 1, 0, 0]) Solution: [15, 5] [1, 1, 0, 0]
33 0.8552737236022949 Robot: (22, 18, [0, 1, 0, 1]) Solution: [22, 18] [0, 1, 0, 1]
28 0.7399492263793945 Robot: (14, 20, [1, 0, 0, 1]) Solution: [14, 20] [1, 0, 0, 1]
27 0.692091703414917 Robot: (12, 21, [1, 0, 0, 0]) Solution: [12, 21] [1, 0, 0, 0]
41 1.0585286617279053 Robot: (17, 28, [0, 1, 0, 1]) Solution: [17, 28] [0, 1, 0, 1]
33 0.85471510887146 Robot: (18, 1, [1, 0, 1, 0]) Solution: [18, 1] [1, 0, 1, 0]
29 0.7538161277770996 Robot: (14, 7, [1, 0, 1, 0]) Solution: [14, 7] [1, 0, 1, 0]
38 0.9786069393157959 Robot: (21, 22, [0, 1, 0, 1]) Solution: [21, 22] [0, 1, 0, 1]
26 0.6730611324310303 Robot: (23, 28, [0, 1, 0, 1]) Solution: [23, 28] [0, 1, 0, 1]
85 2.195343494415283 Robot: (17, 35, [1, 0, 1, 0]) Solution: [17, 35] [1, 0, 1, 0]
71 1.8249952793121338 Robot: (21, 36, [0, 1, 0, 1]) Solution: [21, 36] [0, 1, 0, 1]
52 1.3555712699890137 Robot: (22, 25, [0, 0, 1, 0]) Solution: [22, 25] [0, 0, 1, 0]
31 0.8154640197753906 Robot: (15, 27, [1, 1, 0, 0]) Solution: [15, 27] [1, 1, 0, 0]
22 0.5568830966949463 Robot: (19, 27, [0, 0, 0, 0]) Solution: [19, 27] [0, 0, 0, 0]
39 1.0144963264465332 Robot: (23, 23, [1, 0, 0, 0]) Solution: [23, 23] [1, 0, 0, 0]
43 1.123037576675415 Robot: (9, 1, [1, 1, 0, 0]) Solution: [9, 1] [1, 1, 0, 0]
33 0.8595476150512695 Robot: (1, 12, [0, 0, 0, 1]) Solution: [1, 12] [0, 0, 0, 1]
52 1.3482675552368164 Robot: (26, 19, [1, 0, 0, 0]) Solution: [26, 19] [1, 0, 0, 0]
31 0.7868411540985107 Robot: (7, 7, [1, 0, 0, 0]) Solution: [7, 7] [1, 0, 0, 0]
38 0.9940035343170166 Robot: (11, 32, [0, 1, 0, 0]) Solution: [11, 32] [0, 1, 0, 0]
23 0.6156072616577148 Robot: (15, 21, [0, 0, 0, 0]) Solution: [15, 21] [0, 0, 0, 0]
41 1.0576791763305664 Robot: (31, 32, [0, 1, 0, 0]) Solution: [31, 32] [0, 1, 0, 0]
46 1.1924664974212646 Robot: (24, 20, [0, 1, 0, 1]) Solution: [24, 20] [0, 1, 0, 1]
23 0.5970261096954346 Robot: (14, 28, [0, 0, 0, 1]) Solution: [14, 28] [0, 0, 0, 1]
FINISH
Iterations:  1000
Map size (width height):  33 39
Mean of steps:  35.274
Mean of time per iteration:  1.024745501756668
Median of steps:  32.0
Median of time per iteration:  0.8914239406585693
Total elapsed time:  1051.9436292648315
Sensor reliability (higher is better):  0.6
