17 0.41051793098449707 Robot: (17, 5, [0, 1, 0, 1]) Solution: [17, 5] [0, 1, 0, 1]
14 0.3283424377441406 Robot: (1, 1, [1, 0, 0, 1]) Solution: [1, 1] [1, 0, 0, 1]
13 0.302889347076416 Robot: (7, 16, [0, 1, 0, 0]) Solution: [7, 16] [0, 1, 0, 0]
13 0.31172657012939453 Robot: (28, 24, [0, 0, 0, 0]) Solution: [28, 24] [0, 0, 0, 0]
21 0.49324989318847656 Robot: (24, 33, [0, 0, 1, 0]) Solution: [24, 33] [0, 0, 1, 0]
22 0.5227305889129639 Robot: (13, 19, [0, 1, 1, 0]) Solution: [13, 19] [0, 1, 1, 0]
22 0.5287249088287354 Robot: (8, 4, [1, 0, 0, 0]) Solution: [8, 4] [1, 0, 0, 0]
9 0.21940898895263672 Robot: (11, 26, [0, 1, 0, 1]) Solution: [11, 26] [0, 1, 0, 1]
22 0.5380489826202393 Robot: (25, 36, [0, 1, 0, 1]) Solution: [25, 36] [0, 1, 0, 1]
11 0.26680445671081543 Robot: (31, 5, [0, 1, 0, 0]) Solution: [31, 5] [0, 1, 0, 0]
19 0.4506206512451172 Robot: (23, 3, [0, 1, 1, 1]) Solution: [23, 3] [0, 1, 1, 1]
8 0.197312593460083 Robot: (9, 7, [0, 1, 0, 0]) Solution: [9, 7] [0, 1, 0, 0]
11 0.2602264881134033 Robot: (8, 24, [0, 1, 0, 1]) Solution: [8, 24] [0, 1, 0, 1]
14 0.3348958492279053 Robot: (4, 15, [0, 0, 1, 0]) Solution: [4, 15] [0, 0, 1, 0]
14 0.3329958915710449 Robot: (23, 16, [0, 0, 0, 1]) Solution: [23, 16] [0, 0, 0, 1]
16 0.39014649391174316 Robot: (21, 25, [0, 0, 1, 0]) Solution: [21, 25] [0, 0, 1, 0]
14 0.34212446212768555 Robot: (14, 29, [0, 0, 0, 0]) Solution: [14, 29] [0, 0, 0, 0]
21 0.5115482807159424 Robot: (3, 29, [1, 0, 1, 0]) Solution: [3, 29] [1, 0, 1, 0]
16 0.3821566104888916 Robot: (9, 29, [0, 1, 0, 0]) Solution: [9, 29] [0, 1, 0, 0]
15 0.3548867702484131 Robot: (9, 27, [1, 0, 0, 1]) Solution: [9, 27] [1, 0, 0, 1]
25 0.5857410430908203 Robot: (31, 1, [1, 1, 0, 0]) Solution: [31, 1] [1, 1, 0, 0]
15 0.3678135871887207 Robot: (3, 3, [1, 0, 1, 0]) Solution: [3, 3] [1, 0, 1, 0]
13 0.30222535133361816 Robot: (1, 5, [0, 0, 0, 1]) Solution: [1, 5] [0, 0, 0, 1]
16 0.3818247318267822 Robot: (13, 33, [1, 1, 0, 0]) Solution: [13, 33] [1, 1, 0, 0]
13 0.3121824264526367 Robot: (28, 16, [0, 1, 0, 0]) Solution: [28, 16] [0, 1, 0, 0]
16 0.3872511386871338 Robot: (28, 34, [1, 1, 0, 0]) Solution: [28, 34] [1, 1, 0, 0]
20 0.4795701503753662 Robot: (8, 8, [0, 0, 0, 0]) Solution: [8, 8] [0, 0, 0, 0]
13 0.30803656578063965 Robot: (5, 3, [0, 1, 1, 0]) Solution: [5, 3] [0, 1, 1, 0]
17 0.4104897975921631 Robot: (1, 3, [0, 0, 0, 1]) Solution: [1, 3] [0, 0, 0, 1]
13 0.3074195384979248 Robot: (18, 25, [1, 0, 1, 0]) Solution: [18, 25] [1, 0, 1, 0]
13 0.3152949810028076 Robot: (14, 29, [0, 0, 0, 0]) Solution: [14, 29] [0, 0, 0, 0]
43 1.0371880531311035 Robot: (25, 37, [0, 0, 1, 0]) Solution: [25, 37] [0, 0, 1, 0]
15 0.3574352264404297 Robot: (16, 29, [1, 0, 0, 0]) Solution: [16, 29] [1, 0, 0, 0]
13 0.3035769462585449 Robot: (11, 11, [1, 0, 1, 0]) Solution: [11, 11] [1, 0, 1, 0]
23 0.554602861404419 Robot: (6, 7, [0, 0, 1, 0]) Solution: [6, 7] [0, 0, 1, 0]
12 0.3115875720977783 Robot: (13, 1, [1, 1, 0, 0]) Solution: [13, 1] [1, 1, 0, 0]
15 0.36019396781921387 Robot: (30, 35, [0, 0, 1, 0]) Solution: [30, 35] [0, 0, 1, 0]
16 0.3823513984680176 Robot: (3, 21, [0, 1, 0, 0]) Solution: [3, 21] [0, 1, 0, 0]
11 0.26647138595581055 Robot: (14, 29, [0, 0, 0, 0]) Solution: [14, 29] [0, 0, 0, 0]
24 0.57889723777771 Robot: (7, 5, [0, 0, 1, 1]) Solution: [7, 5] [0, 0, 1, 1]
14 0.3717529773712158 Robot: (16, 15, [1, 0, 1, 0]) Solution: [16, 15] [1, 0, 1, 0]
24 0.604611873626709 Robot: (1, 12, [0, 0, 0, 1]) Solution: [1, 12] [0, 0, 0, 1]
16 0.41463756561279297 Robot: (10, 5, [1, 0, 1, 0]) Solution: [10, 5] [1, 0, 1, 0]
14 0.3661468029022217 Robot: (14, 15, [1, 0, 0, 0]) Solution: [14, 15] [1, 0, 0, 0]
10 0.24454784393310547 Robot: (9, 8, [0, 0, 0, 0]) Solution: [9, 8] [0, 0, 0, 0]
12 0.2952847480773926 Robot: (1, 5, [0, 0, 0, 1]) Solution: [1, 5] [0, 0, 0, 1]
12 0.28957319259643555 Robot: (12, 7, [0, 0, 1, 0]) Solution: [12, 7] [0, 0, 1, 0]
15 0.36481308937072754 Robot: (1, 11, [1, 0, 0, 1]) Solution: [1, 11] [1, 0, 0, 1]
24 0.5699715614318848 Robot: (26, 32, [0, 0, 1, 1]) Solution: [26, 32] [0, 0, 1, 1]
25 0.600111722946167 Robot: (14, 20, [1, 0, 0, 1]) Solution: [14, 20] [1, 0, 0, 1]
12 0.2782595157623291 Robot: (26, 4, [0, 0, 0, 1]) Solution: [26, 4] [0, 0, 0, 1]
8 0.224351167678833 Robot: (12, 28, [1, 1, 0, 0]) Solution: [12, 28] [1, 1, 0, 0]
43 1.0290591716766357 Robot: (11, 37, [0, 0, 1, 0]) Solution: [11, 37] [0, 0, 1, 0]
20 0.4956226348876953 Robot: (29, 7, [1, 0, 0, 0]) Solution: [29, 7] [1, 0, 0, 0]
26 0.7074863910675049 Robot: (6, 7, [0, 0, 1, 0]) Solution: [6, 7] [0, 0, 1, 0]
11 0.5972554683685303 Robot: (20, 19, [0, 0, 1, 0]) Solution: [20, 19] [0, 0, 1, 0]
24 0.6398589611053467 Robot: (20, 9, [1, 0, 0, 0]) Solution: [20, 9] [1, 0, 0, 0]
28 0.8120872974395752 Robot: (15, 31, [0, 0, 0, 0]) Solution: [15, 31] [0, 0, 0, 0]
23 0.6203262805938721 Robot: (31, 12, [0, 1, 0, 0]) Solution: [31, 12] [0, 1, 0, 0]
20 0.5912883281707764 Robot: (17, 25, [0, 0, 1, 0]) Solution: [17, 25] [0, 0, 1, 0]
10 0.3294239044189453 Robot: (22, 25, [0, 0, 1, 0]) Solution: [22, 25] [0, 0, 1, 0]
13 0.3539712429046631 Robot: (29, 5, [0, 0, 1, 1]) Solution: [29, 5] [0, 0, 1, 1]
19 0.4591038227081299 Robot: (4, 36, [0, 0, 0, 1]) Solution: [4, 36] [0, 0, 0, 1]
22 0.5551276206970215 Robot: (31, 13, [0, 1, 0, 1]) Solution: [31, 13] [0, 1, 0, 1]
10 0.24989581108093262 Robot: (9, 31, [0, 1, 1, 0]) Solution: [9, 31] [0, 1, 1, 0]
18 0.4261174201965332 Robot: (29, 12, [0, 0, 0, 1]) Solution: [29, 12] [0, 0, 0, 1]
20 0.4793975353240967 Robot: (15, 19, [0, 0, 0, 1]) Solution: [15, 19] [0, 0, 0, 1]
30 0.7260241508483887 Robot: (10, 11, [0, 0, 1, 0]) Solution: [10, 11] [0, 0, 1, 0]
23 0.5440797805786133 Robot: (26, 24, [0, 0, 1, 1]) Solution: [26, 24] [0, 0, 1, 1]
12 0.28601503372192383 Robot: (12, 23, [0, 0, 1, 0]) Solution: [12, 23] [0, 0, 1, 0]
24 0.5725526809692383 Robot: (9, 13, [1, 0, 0, 0]) Solution: [9, 13] [1, 0, 0, 0]
20 0.4811704158782959 Robot: (19, 29, [0, 1, 0, 0]) Solution: [19, 29] [0, 1, 0, 0]
25 0.5959310531616211 Robot: (27, 17, [0, 0, 0, 0]) Solution: [27, 17] [0, 0, 0, 0]
19 0.45081043243408203 Robot: (1, 18, [0, 0, 0, 1]) Solution: [1, 18] [0, 0, 0, 1]
16 0.38277173042297363 Robot: (9, 34, [0, 0, 0, 0]) Solution: [9, 34] [0, 0, 0, 0]
12 0.28331422805786133 Robot: (1, 23, [1, 0, 0, 1]) Solution: [1, 23] [1, 0, 0, 1]
27 0.6468515396118164 Robot: (27, 7, [1, 0, 0, 0]) Solution: [27, 7] [1, 0, 0, 0]
17 0.41300249099731445 Robot: (16, 12, [0, 0, 1, 0]) Solution: [16, 12] [0, 0, 1, 0]
10 0.23548626899719238 Robot: (11, 7, [1, 0, 0, 1]) Solution: [11, 7] [1, 0, 0, 1]
10 0.24145936965942383 Robot: (31, 25, [0, 1, 1, 0]) Solution: [31, 25] [0, 1, 1, 0]
18 0.4250757694244385 Robot: (17, 32, [0, 0, 0, 0]) Solution: [17, 32] [0, 0, 0, 0]
16 0.39168310165405273 Robot: (31, 25, [0, 1, 1, 0]) Solution: [31, 25] [0, 1, 1, 0]
22 0.5214357376098633 Robot: (15, 14, [0, 1, 0, 1]) Solution: [15, 14] [0, 1, 0, 1]
22 0.5220420360565186 Robot: (31, 3, [0, 1, 0, 0]) Solution: [31, 3] [0, 1, 0, 0]
20 0.4770355224609375 Robot: (31, 34, [0, 1, 0, 0]) Solution: [31, 34] [0, 1, 0, 0]
35 0.9199690818786621 Robot: (5, 18, [0, 0, 0, 1]) Solution: [5, 18] [0, 0, 0, 1]
21 0.553168773651123 Robot: (4, 37, [0, 0, 1, 0]) Solution: [4, 37] [0, 0, 1, 0]
11 0.2899320125579834 Robot: (10, 5, [1, 0, 1, 0]) Solution: [10, 5] [1, 0, 1, 0]
17 0.4330730438232422 Robot: (31, 15, [0, 1, 0, 0]) Solution: [31, 15] [0, 1, 0, 0]
15 0.369415283203125 Robot: (27, 21, [1, 1, 0, 0]) Solution: [27, 21] [1, 1, 0, 0]
10 0.23963689804077148 Robot: (23, 11, [0, 1, 0, 1]) Solution: [23, 11] [0, 1, 0, 1]
17 0.4035069942474365 Robot: (28, 10, [1, 0, 1, 1]) Solution: [28, 10] [1, 0, 1, 1]
17 0.40353965759277344 Robot: (20, 17, [0, 0, 0, 0]) Solution: [20, 17] [0, 0, 0, 0]
16 0.3837144374847412 Robot: (25, 25, [1, 1, 0, 0]) Solution: [25, 25] [1, 1, 0, 0]
12 0.2880542278289795 Robot: (1, 12, [0, 0, 0, 1]) Solution: [1, 12] [0, 0, 0, 1]
14 0.34598827362060547 Robot: (19, 11, [1, 1, 0, 0]) Solution: [19, 11] [1, 1, 0, 0]
24 0.585230827331543 Robot: (31, 33, [0, 1, 0, 0]) Solution: [31, 33] [0, 1, 0, 0]
49 1.1944911479949951 Robot: (13, 7, [1, 0, 0, 0]) Solution: [13, 7] [1, 0, 0, 0]
12 0.2973909378051758 Robot: (12, 10, [0, 1, 0, 1]) Solution: [12, 10] [0, 1, 0, 1]
11 0.2595958709716797 Robot: (28, 35, [0, 0, 0, 0]) Solution: [28, 35] [0, 0, 0, 0]
19 0.4665565490722656 Robot: (1, 27, [0, 1, 0, 1]) Solution: [1, 27] [0, 1, 0, 1]
15 0.356616735458374 Robot: (28, 25, [0, 0, 0, 0]) Solution: [28, 25] [0, 0, 0, 0]
10 0.2501716613769531 Robot: (15, 20, [0, 1, 0, 0]) Solution: [15, 20] [0, 1, 0, 0]
13 0.3090236186981201 Robot: (5, 34, [0, 1, 0, 1]) Solution: [5, 34] [0, 1, 0, 1]
15 0.37876296043395996 Robot: (8, 8, [0, 0, 0, 0]) Solution: [8, 8] [0, 0, 0, 0]
15 0.35760974884033203 Robot: (10, 32, [1, 0, 1, 1]) Solution: [10, 32] [1, 0, 1, 1]
12 0.29625988006591797 Robot: (7, 16, [0, 1, 0, 0]) Solution: [7, 16] [0, 1, 0, 0]
12 0.2973513603210449 Robot: (23, 10, [0, 0, 0, 1]) Solution: [23, 10] [0, 0, 0, 1]
31 0.7357053756713867 Robot: (13, 3, [0, 1, 0, 1]) Solution: [13, 3] [0, 1, 0, 1]
19 0.4631340503692627 Robot: (17, 17, [0, 0, 1, 1]) Solution: [17, 17] [0, 0, 1, 1]
12 0.296489953994751 Robot: (30, 19, [1, 0, 1, 0]) Solution: [30, 19] [1, 0, 1, 0]
30 0.7235367298126221 Robot: (25, 9, [0, 0, 1, 1]) Solution: [25, 9] [0, 0, 1, 1]
14 0.340350866317749 Robot: (25, 25, [1, 1, 0, 0]) Solution: [25, 25] [1, 1, 0, 0]
31 0.751922607421875 Robot: (28, 37, [0, 0, 1, 0]) Solution: [28, 37] [0, 0, 1, 0]
31 0.7602903842926025 Robot: (11, 16, [0, 1, 0, 1]) Solution: [11, 16] [0, 1, 0, 1]
12 0.3083078861236572 Robot: (1, 9, [0, 0, 1, 1]) Solution: [1, 9] [0, 0, 1, 1]
12 0.3046867847442627 Robot: (13, 5, [0, 0, 1, 0]) Solution: [13, 5] [0, 0, 1, 0]
19 0.46979713439941406 Robot: (31, 20, [0, 1, 0, 1]) Solution: [31, 20] [0, 1, 0, 1]
12 0.28389430046081543 Robot: (12, 7, [0, 0, 1, 0]) Solution: [12, 7] [0, 0, 1, 0]
24 0.582467794418335 Robot: (29, 12, [0, 0, 0, 1]) Solution: [29, 12] [0, 0, 0, 1]
18 0.4315450191497803 Robot: (5, 35, [0, 1, 0, 0]) Solution: [5, 35] [0, 1, 0, 0]
23 0.5477280616760254 Robot: (7, 11, [0, 0, 1, 0]) Solution: [7, 11] [0, 0, 1, 0]
10 0.24479174613952637 Robot: (24, 16, [0, 0, 1, 0]) Solution: [24, 16] [0, 0, 1, 0]
23 0.5475425720214844 Robot: (5, 1, [1, 0, 0, 0]) Solution: [5, 1] [1, 0, 0, 0]
24 0.5652782917022705 Robot: (7, 16, [0, 1, 0, 0]) Solution: [7, 16] [0, 1, 0, 0]
18 0.4289095401763916 Robot: (5, 7, [0, 0, 1, 1]) Solution: [5, 7] [0, 0, 1, 1]
10 0.24396610260009766 Robot: (3, 22, [0, 0, 0, 0]) Solution: [3, 22] [0, 0, 0, 0]
10 0.24118423461914062 Robot: (23, 5, [1, 0, 1, 0]) Solution: [23, 5] [1, 0, 1, 0]
14 0.3316926956176758 Robot: (15, 1, [1, 0, 0, 1]) Solution: [15, 1] [1, 0, 0, 1]
11 0.2691507339477539 Robot: (29, 1, [1, 0, 0, 0]) Solution: [29, 1] [1, 0, 0, 0]
26 0.6373476982116699 Robot: (23, 1, [1, 0, 0, 0]) Solution: [23, 1] [1, 0, 0, 0]
19 0.46559643745422363 Robot: (10, 22, [0, 1, 0, 1]) Solution: [10, 22] [0, 1, 0, 1]
21 0.496868371963501 Robot: (23, 1, [1, 0, 0, 0]) Solution: [23, 1] [1, 0, 0, 0]
20 0.4877762794494629 Robot: (12, 9, [1, 0, 0, 0]) Solution: [12, 9] [1, 0, 0, 0]
12 0.28161096572875977 Robot: (2, 7, [0, 0, 1, 0]) Solution: [2, 7] [0, 0, 1, 0]
60 1.4204273223876953 Robot: (11, 35, [1, 0, 0, 1]) Solution: [11, 35] [1, 0, 0, 1]
13 0.31050562858581543 Robot: (24, 25, [1, 0, 0, 0]) Solution: [24, 25] [1, 0, 0, 0]
16 0.3858013153076172 Robot: (14, 27, [0, 0, 0, 0]) Solution: [14, 27] [0, 0, 0, 0]
21 0.49726104736328125 Robot: (20, 31, [1, 0, 1, 0]) Solution: [20, 31] [1, 0, 1, 0]
10 0.24312210083007812 Robot: (17, 32, [0, 0, 0, 0]) Solution: [17, 32] [0, 0, 0, 0]
22 0.528430700302124 Robot: (25, 6, [0, 1, 0, 1]) Solution: [25, 6] [0, 1, 0, 1]
11 0.26545071601867676 Robot: (5, 9, [1, 0, 0, 1]) Solution: [5, 9] [1, 0, 0, 1]
16 0.38387274742126465 Robot: (17, 15, [0, 1, 0, 0]) Solution: [17, 15] [0, 1, 0, 0]
9 0.22050142288208008 Robot: (23, 25, [0, 0, 0, 0]) Solution: [23, 25] [0, 0, 0, 0]
29 0.6906588077545166 Robot: (9, 29, [0, 1, 0, 0]) Solution: [9, 29] [0, 1, 0, 0]
39 0.9215996265411377 Robot: (30, 15, [1, 0, 0, 0]) Solution: [30, 15] [1, 0, 0, 0]
18 0.44409608840942383 Robot: (29, 29, [1, 0, 1, 0]) Solution: [29, 29] [1, 0, 1, 0]
17 0.40628576278686523 Robot: (8, 25, [0, 0, 1, 0]) Solution: [8, 25] [0, 0, 1, 0]
15 0.356792688369751 Robot: (13, 33, [1, 1, 0, 0]) Solution: [13, 33] [1, 1, 0, 0]
13 0.3140530586242676 Robot: (24, 31, [1, 0, 0, 0]) Solution: [24, 31] [1, 0, 0, 0]
17 0.40312981605529785 Robot: (14, 30, [0, 0, 0, 0]) Solution: [14, 30] [0, 0, 0, 0]
18 0.4311063289642334 Robot: (9, 35, [0, 1, 1, 0]) Solution: [9, 35] [0, 1, 1, 0]
24 0.573030948638916 Robot: (25, 26, [0, 1, 0, 0]) Solution: [25, 26] [0, 1, 0, 0]
15 0.3639397621154785 Robot: (16, 29, [1, 0, 0, 0]) Solution: [16, 29] [1, 0, 0, 0]
18 0.42595362663269043 Robot: (17, 22, [0, 1, 0, 1]) Solution: [17, 22] [0, 1, 0, 1]
52 1.229992151260376 Robot: (19, 37, [1, 0, 1, 0]) Solution: [19, 37] [1, 0, 1, 0]
15 0.3598291873931885 Robot: (1, 37, [0, 0, 1, 1]) Solution: [1, 37] [0, 0, 1, 1]
15 0.34938526153564453 Robot: (1, 12, [0, 0, 0, 1]) Solution: [1, 12] [0, 0, 0, 1]
16 0.38608527183532715 Robot: (25, 7, [0, 0, 0, 0]) Solution: [25, 7] [0, 0, 0, 0]
13 0.3084261417388916 Robot: (9, 8, [0, 0, 0, 0]) Solution: [9, 8] [0, 0, 0, 0]
12 0.2906839847564697 Robot: (30, 6, [0, 0, 0, 1]) Solution: [30, 6] [0, 0, 0, 1]
22 1.00685453414917 Robot: (14, 15, [1, 0, 0, 0]) Solution: [14, 15] [1, 0, 0, 0]
38 1.9070205688476562 Robot: (10, 23, [0, 0, 1, 0]) Solution: [10, 23] [0, 0, 1, 0]
33 1.6533708572387695 Robot: (29, 9, [0, 0, 0, 1]) Solution: [29, 9] [0, 0, 0, 1]
31 1.5762510299682617 Robot: (6, 11, [1, 0, 1, 0]) Solution: [6, 11] [1, 0, 1, 0]
18 0.8980038166046143 Robot: (24, 32, [0, 1, 0, 1]) Solution: [24, 32] [0, 1, 0, 1]
22 1.1101438999176025 Robot: (9, 17, [0, 1, 0, 1]) Solution: [9, 17] [0, 1, 0, 1]
13 0.6531569957733154 Robot: (13, 30, [0, 0, 0, 0]) Solution: [13, 30] [0, 0, 0, 0]
57 2.8807694911956787 Robot: (13, 13, [1, 0, 1, 0]) Solution: [13, 13] [1, 0, 1, 0]
11 0.5489606857299805 Robot: (8, 36, [0, 1, 0, 0]) Solution: [8, 36] [0, 1, 0, 0]
16 0.8146963119506836 Robot: (9, 34, [0, 0, 0, 0]) Solution: [9, 34] [0, 0, 0, 0]
16 0.8035581111907959 Robot: (15, 5, [1, 1, 0, 0]) Solution: [15, 5] [1, 1, 0, 0]
22 1.1043939590454102 Robot: (15, 24, [0, 1, 0, 1]) Solution: [15, 24] [0, 1, 0, 1]
16 0.8000943660736084 Robot: (2, 31, [1, 0, 1, 0]) Solution: [2, 31] [1, 0, 1, 0]
14 0.7042241096496582 Robot: (22, 24, [0, 0, 0, 0]) Solution: [22, 24] [0, 0, 0, 0]
14 0.7016885280609131 Robot: (15, 6, [0, 1, 0, 1]) Solution: [15, 6] [0, 1, 0, 1]
11 0.551926851272583 Robot: (17, 21, [1, 0, 0, 0]) Solution: [17, 21] [1, 0, 0, 0]
16 0.8059310913085938 Robot: (2, 19, [0, 0, 1, 0]) Solution: [2, 19] [0, 0, 1, 0]
21 1.0499322414398193 Robot: (9, 9, [0, 1, 1, 0]) Solution: [9, 9] [0, 1, 1, 0]
10 0.49801182746887207 Robot: (11, 27, [0, 1, 0, 0]) Solution: [11, 27] [0, 1, 0, 0]
20 1.0006968975067139 Robot: (16, 32, [0, 0, 1, 0]) Solution: [16, 32] [0, 0, 1, 0]
21 1.0551650524139404 Robot: (9, 35, [0, 1, 1, 0]) Solution: [9, 35] [0, 1, 1, 0]
16 0.8015801906585693 Robot: (25, 3, [0, 0, 1, 1]) Solution: [25, 3] [0, 0, 1, 1]
18 0.9064574241638184 Robot: (9, 6, [0, 1, 0, 1]) Solution: [9, 6] [0, 1, 0, 1]
13 0.6668012142181396 Robot: (25, 23, [1, 0, 1, 0]) Solution: [25, 23] [1, 0, 1, 0]
27 1.3694531917572021 Robot: (14, 20, [1, 0, 0, 1]) Solution: [14, 20] [1, 0, 0, 1]
15 0.6131269931793213 Robot: (27, 17, [0, 0, 0, 0]) Solution: [27, 17] [0, 0, 0, 0]
18 0.4450349807739258 Robot: (5, 35, [0, 1, 0, 0]) Solution: [5, 35] [0, 1, 0, 0]
33 0.9302182197570801 Robot: (21, 7, [0, 0, 1, 0]) Solution: [21, 7] [0, 0, 1, 0]
25 0.6039266586303711 Robot: (21, 5, [1, 0, 0, 0]) Solution: [21, 5] [1, 0, 0, 0]
19 0.4611365795135498 Robot: (2, 7, [0, 0, 1, 0]) Solution: [2, 7] [0, 0, 1, 0]
16 0.4316263198852539 Robot: (28, 32, [0, 1, 1, 0]) Solution: [28, 32] [0, 1, 1, 0]
19 0.5879127979278564 Robot: (7, 26, [0, 1, 0, 1]) Solution: [7, 26] [0, 1, 0, 1]
22 0.5533154010772705 Robot: (27, 11, [1, 1, 0, 0]) Solution: [27, 11] [1, 1, 0, 0]
20 0.5276491641998291 Robot: (26, 32, [0, 0, 1, 1]) Solution: [26, 32] [0, 0, 1, 1]
22 0.6497516632080078 Robot: (10, 34, [1, 1, 1, 0]) Solution: [10, 34] [1, 1, 1, 0]
11 0.3102142810821533 Robot: (2, 6, [0, 1, 0, 0]) Solution: [2, 6] [0, 1, 0, 0]
12 0.3902008533477783 Robot: (11, 37, [0, 0, 1, 0]) Solution: [11, 37] [0, 0, 1, 0]
11 0.34334444999694824 Robot: (25, 23, [1, 0, 1, 0]) Solution: [25, 23] [1, 0, 1, 0]
19 0.7654669284820557 Robot: (5, 27, [1, 0, 1, 0]) Solution: [5, 27] [1, 0, 1, 0]
10 0.4045398235321045 Robot: (30, 35, [0, 0, 1, 0]) Solution: [30, 35] [0, 0, 1, 0]
14 0.445615291595459 Robot: (23, 11, [0, 1, 0, 1]) Solution: [23, 11] [0, 1, 0, 1]
15 0.4217956066131592 Robot: (27, 13, [0, 0, 1, 1]) Solution: [27, 13] [0, 0, 1, 1]
13 0.44306111335754395 Robot: (25, 7, [0, 0, 0, 0]) Solution: [25, 7] [0, 0, 0, 0]
18 0.5357608795166016 Robot: (25, 9, [0, 0, 1, 1]) Solution: [25, 9] [0, 0, 1, 1]
20 0.714862585067749 Robot: (17, 23, [0, 1, 0, 0]) Solution: [17, 23] [0, 1, 0, 0]
29 0.890216588973999 Robot: (27, 17, [0, 0, 0, 0]) Solution: [27, 17] [0, 0, 0, 0]
28 0.7933862209320068 Robot: (26, 4, [0, 0, 0, 1]) Solution: [26, 4] [0, 0, 0, 1]
12 0.2914581298828125 Robot: (21, 5, [1, 0, 0, 0]) Solution: [21, 5] [1, 0, 0, 0]
46 1.1745269298553467 Robot: (1, 35, [0, 0, 0, 1]) Solution: [1, 35] [0, 0, 0, 1]
20 0.48406100273132324 Robot: (20, 14, [0, 0, 0, 1]) Solution: [20, 14] [0, 0, 0, 1]
24 0.5868513584136963 Robot: (31, 13, [0, 1, 0, 1]) Solution: [31, 13] [0, 1, 0, 1]
17 0.46285057067871094 Robot: (3, 9, [0, 1, 0, 0]) Solution: [3, 9] [0, 1, 0, 0]
15 0.41086435317993164 Robot: (20, 16, [0, 1, 0, 1]) Solution: [20, 16] [0, 1, 0, 1]
14 0.3448824882507324 Robot: (22, 13, [1, 0, 1, 0]) Solution: [22, 13] [1, 0, 1, 0]
31 0.8163769245147705 Robot: (29, 21, [0, 0, 1, 1]) Solution: [29, 21] [0, 0, 1, 1]
13 0.3203282356262207 Robot: (15, 31, [0, 0, 0, 0]) Solution: [15, 31] [0, 0, 0, 0]
10 0.29213452339172363 Robot: (6, 36, [1, 0, 0, 0]) Solution: [6, 36] [1, 0, 0, 0]
17 0.4318704605102539 Robot: (3, 5, [1, 0, 1, 0]) Solution: [3, 5] [1, 0, 1, 0]
30 0.7394528388977051 Robot: (7, 5, [0, 0, 1, 1]) Solution: [7, 5] [0, 0, 1, 1]
14 0.43262696266174316 Robot: (8, 8, [0, 0, 0, 0]) Solution: [8, 8] [0, 0, 0, 0]
12 0.5195167064666748 Robot: (9, 4, [0, 1, 0, 0]) Solution: [9, 4] [0, 1, 0, 0]
11 0.5221989154815674 Robot: (28, 22, [1, 1, 0, 0]) Solution: [28, 22] [1, 1, 0, 0]
10 0.5497429370880127 Robot: (8, 37, [0, 0, 1, 0]) Solution: [8, 37] [0, 0, 1, 0]
15 0.7553646564483643 Robot: (1, 15, [1, 0, 0, 1]) Solution: [1, 15] [1, 0, 0, 1]
21 1.0119922161102295 Robot: (10, 10, [1, 1, 0, 1]) Solution: [10, 10] [1, 1, 0, 1]
20 1.002751350402832 Robot: (10, 28, [0, 0, 1, 0]) Solution: [10, 28] [0, 0, 1, 0]
14 0.6669712066650391 Robot: (6, 27, [1, 0, 0, 0]) Solution: [6, 27] [1, 0, 0, 0]
9 0.42990994453430176 Robot: (1, 36, [0, 1, 0, 1]) Solution: [1, 36] [0, 1, 0, 1]
15 0.7477662563323975 Robot: (21, 29, [0, 0, 1, 1]) Solution: [21, 29] [0, 0, 1, 1]
25 1.1828455924987793 Robot: (31, 16, [0, 1, 0, 0]) Solution: [31, 16] [0, 1, 0, 0]
13 0.633976936340332 Robot: (31, 23, [0, 1, 0, 1]) Solution: [31, 23] [0, 1, 0, 1]
15 0.7103266716003418 Robot: (25, 6, [0, 1, 0, 1]) Solution: [25, 6] [0, 1, 0, 1]
22 1.0648882389068604 Robot: (7, 1, [1, 0, 0, 0]) Solution: [7, 1] [1, 0, 0, 0]
46 2.1781508922576904 Robot: (4, 37, [0, 0, 1, 0]) Solution: [4, 37] [0, 0, 1, 0]
13 0.6173403263092041 Robot: (28, 23, [0, 0, 0, 0]) Solution: [28, 23] [0, 0, 0, 0]
9 0.43447279930114746 Robot: (27, 22, [0, 0, 0, 1]) Solution: [27, 22] [0, 0, 0, 1]
22 1.0409023761749268 Robot: (14, 26, [0, 1, 0, 0]) Solution: [14, 26] [0, 1, 0, 0]
12 0.5881812572479248 Robot: (10, 8, [1, 0, 1, 0]) Solution: [10, 8] [1, 0, 1, 0]
13 0.6121413707733154 Robot: (16, 12, [0, 0, 1, 0]) Solution: [16, 12] [0, 0, 1, 0]
19 0.9095416069030762 Robot: (8, 2, [0, 0, 1, 0]) Solution: [8, 2] [0, 0, 1, 0]
12 0.5808868408203125 Robot: (11, 28, [0, 0, 0, 0]) Solution: [11, 28] [0, 0, 0, 0]
19 0.8904049396514893 Robot: (31, 31, [1, 1, 0, 0]) Solution: [31, 31] [1, 1, 0, 0]
19 0.9160163402557373 Robot: (28, 36, [0, 1, 0, 1]) Solution: [28, 36] [0, 1, 0, 1]
39 1.8403728008270264 Robot: (31, 35, [0, 1, 0, 0]) Solution: [31, 35] [0, 1, 0, 0]
12 0.566215991973877 Robot: (31, 16, [0, 1, 0, 0]) Solution: [31, 16] [0, 1, 0, 0]
16 0.7652766704559326 Robot: (29, 18, [0, 1, 0, 1]) Solution: [29, 18] [0, 1, 0, 1]
27 1.280116319656372 Robot: (15, 23, [0, 0, 0, 0]) Solution: [15, 23] [0, 0, 0, 0]
12 0.5648961067199707 Robot: (11, 31, [1, 0, 0, 1]) Solution: [11, 31] [1, 0, 0, 1]
19 0.898651123046875 Robot: (16, 11, [1, 0, 0, 0]) Solution: [16, 11] [1, 0, 0, 0]
14 0.6708803176879883 Robot: (25, 16, [0, 1, 0, 0]) Solution: [25, 16] [0, 1, 0, 0]
41 1.9300529956817627 Robot: (5, 9, [1, 0, 0, 1]) Solution: [5, 9] [1, 0, 0, 1]
20 0.9496729373931885 Robot: (23, 24, [0, 1, 0, 0]) Solution: [23, 24] [0, 1, 0, 0]
9 0.4307284355163574 Robot: (15, 27, [1, 1, 0, 0]) Solution: [15, 27] [1, 1, 0, 0]
22 1.0409786701202393 Robot: (9, 2, [0, 1, 0, 0]) Solution: [9, 2] [0, 1, 0, 0]
24 1.128300666809082 Robot: (1, 18, [0, 0, 0, 1]) Solution: [1, 18] [0, 0, 0, 1]
17 0.8288173675537109 Robot: (12, 31, [0, 0, 1, 0]) Solution: [12, 31] [0, 0, 1, 0]
15 0.7058892250061035 Robot: (13, 21, [1, 0, 0, 0]) Solution: [13, 21] [1, 0, 0, 0]
24 1.1519238948822021 Robot: (31, 13, [0, 1, 0, 1]) Solution: [31, 13] [0, 1, 0, 1]
10 0.46964478492736816 Robot: (13, 31, [0, 0, 1, 0]) Solution: [13, 31] [0, 0, 1, 0]
10 0.4758429527282715 Robot: (5, 35, [0, 1, 0, 0]) Solution: [5, 35] [0, 1, 0, 0]
20 0.959524393081665 Robot: (27, 25, [0, 0, 1, 1]) Solution: [27, 25] [0, 0, 1, 1]
12 0.5651001930236816 Robot: (20, 10, [0, 1, 1, 1]) Solution: [20, 10] [0, 1, 1, 1]
17 0.8193676471710205 Robot: (15, 5, [1, 1, 0, 0]) Solution: [15, 5] [1, 1, 0, 0]
16 0.7717323303222656 Robot: (13, 11, [1, 0, 1, 0]) Solution: [13, 11] [1, 0, 1, 0]
18 0.8715524673461914 Robot: (24, 19, [1, 0, 0, 0]) Solution: [24, 19] [1, 0, 0, 0]
12 0.5651547908782959 Robot: (12, 28, [1, 1, 0, 0]) Solution: [12, 28] [1, 1, 0, 0]
18 0.8664939403533936 Robot: (11, 35, [1, 0, 0, 1]) Solution: [11, 35] [1, 0, 0, 1]
20 0.9464044570922852 Robot: (10, 11, [0, 0, 1, 0]) Solution: [10, 11] [0, 0, 1, 0]
45 2.1497983932495117 Robot: (10, 37, [1, 0, 1, 0]) Solution: [10, 37] [1, 0, 1, 0]
10 0.4860234260559082 Robot: (28, 16, [0, 1, 0, 0]) Solution: [28, 16] [0, 1, 0, 0]
21 0.9839413166046143 Robot: (3, 3, [1, 0, 1, 0]) Solution: [3, 3] [1, 0, 1, 0]
17 0.806999683380127 Robot: (23, 7, [1, 0, 0, 0]) Solution: [23, 7] [1, 0, 0, 0]
19 0.8920803070068359 Robot: (24, 29, [1, 0, 1, 0]) Solution: [24, 29] [1, 0, 1, 0]
18 0.8567554950714111 Robot: (3, 24, [0, 0, 0, 1]) Solution: [3, 24] [0, 0, 0, 1]
25 1.1837897300720215 Robot: (8, 36, [0, 1, 0, 0]) Solution: [8, 36] [0, 1, 0, 0]
33 1.5860011577606201 Robot: (21, 21, [1, 0, 0, 0]) Solution: [21, 21] [1, 0, 0, 0]
14 0.6736760139465332 Robot: (11, 31, [1, 0, 0, 1]) Solution: [11, 31] [1, 0, 0, 1]
11 0.5194389820098877 Robot: (21, 13, [0, 0, 0, 0]) Solution: [21, 13] [0, 0, 0, 0]
19 1.1092493534088135 Robot: (20, 17, [0, 0, 0, 0]) Solution: [20, 17] [0, 0, 0, 0]
32 1.6060755252838135 Robot: (20, 35, [1, 0, 1, 0]) Solution: [20, 35] [1, 0, 1, 0]
14 0.7017228603363037 Robot: (19, 13, [0, 0, 1, 1]) Solution: [19, 13] [0, 0, 1, 1]
16 0.7997407913208008 Robot: (31, 13, [0, 1, 0, 1]) Solution: [31, 13] [0, 1, 0, 1]
31 1.5488595962524414 Robot: (16, 35, [0, 0, 1, 0]) Solution: [16, 35] [0, 0, 1, 0]
18 0.895540714263916 Robot: (9, 1, [1, 1, 0, 0]) Solution: [9, 1] [1, 1, 0, 0]
30 1.4943938255310059 Robot: (26, 3, [1, 0, 0, 0]) Solution: [26, 3] [1, 0, 0, 0]
10 0.49367189407348633 Robot: (29, 3, [0, 0, 0, 1]) Solution: [29, 3] [0, 0, 0, 1]
15 0.7462148666381836 Robot: (9, 6, [0, 1, 0, 1]) Solution: [9, 6] [0, 1, 0, 1]
16 0.7970445156097412 Robot: (23, 17, [0, 1, 1, 0]) Solution: [23, 17] [0, 1, 1, 0]
15 0.745032548904419 Robot: (1, 31, [0, 0, 1, 1]) Solution: [1, 31] [0, 0, 1, 1]
26 1.28273606300354 Robot: (15, 12, [0, 0, 0, 1]) Solution: [15, 12] [0, 0, 0, 1]
31 1.5373666286468506 Robot: (22, 37, [1, 0, 1, 0]) Solution: [22, 37] [1, 0, 1, 0]
9 0.437302827835083 Robot: (29, 25, [0, 0, 1, 0]) Solution: [29, 25] [0, 0, 1, 0]
11 0.5448958873748779 Robot: (5, 18, [0, 0, 0, 1]) Solution: [5, 18] [0, 0, 0, 1]
9 0.4486684799194336 Robot: (17, 28, [0, 1, 0, 1]) Solution: [17, 28] [0, 1, 0, 1]
18 0.8870139122009277 Robot: (9, 5, [0, 0, 0, 0]) Solution: [9, 5] [0, 0, 0, 0]
22 1.085465669631958 Robot: (17, 14, [0, 0, 0, 1]) Solution: [17, 14] [0, 0, 0, 1]
18 0.8906054496765137 Robot: (14, 2, [1, 0, 1, 0]) Solution: [14, 2] [1, 0, 1, 0]
12 0.5921690464019775 Robot: (12, 19, [1, 0, 1, 0]) Solution: [12, 19] [1, 0, 1, 0]
15 0.7407846450805664 Robot: (7, 3, [0, 1, 0, 1]) Solution: [7, 3] [0, 1, 0, 1]
15 0.744147777557373 Robot: (23, 8, [0, 1, 0, 1]) Solution: [23, 8] [0, 1, 0, 1]
32 1.5766098499298096 Robot: (15, 20, [0, 1, 0, 0]) Solution: [15, 20] [0, 1, 0, 0]
13 0.6445786952972412 Robot: (1, 23, [1, 0, 0, 1]) Solution: [1, 23] [1, 0, 0, 1]
24 1.193903923034668 Robot: (23, 29, [0, 0, 0, 0]) Solution: [23, 29] [0, 0, 0, 0]
13 0.6444721221923828 Robot: (28, 15, [1, 0, 0, 0]) Solution: [28, 15] [1, 0, 0, 0]
11 0.5453407764434814 Robot: (20, 16, [0, 1, 0, 1]) Solution: [20, 16] [0, 1, 0, 1]
16 0.7883114814758301 Robot: (8, 1, [1, 0, 0, 0]) Solution: [8, 1] [1, 0, 0, 0]
39 1.9350237846374512 Robot: (28, 37, [0, 0, 1, 0]) Solution: [28, 37] [0, 0, 1, 0]
15 0.7416791915893555 Robot: (7, 7, [1, 0, 0, 0]) Solution: [7, 7] [1, 0, 0, 0]
22 1.0856096744537354 Robot: (27, 16, [0, 0, 0, 1]) Solution: [27, 16] [0, 0, 0, 1]
13 0.6370160579681396 Robot: (15, 20, [0, 1, 0, 0]) Solution: [15, 20] [0, 1, 0, 0]
13 0.6446521282196045 Robot: (17, 29, [0, 0, 1, 0]) Solution: [17, 29] [0, 0, 1, 0]
18 0.8972523212432861 Robot: (3, 11, [0, 1, 1, 0]) Solution: [3, 11] [0, 1, 1, 0]
11 0.5450806617736816 Robot: (31, 31, [1, 1, 0, 0]) Solution: [31, 31] [1, 1, 0, 0]
11 0.5431694984436035 Robot: (26, 32, [0, 0, 1, 1]) Solution: [26, 32] [0, 0, 1, 1]
38 1.895538091659546 Robot: (21, 25, [0, 0, 1, 0]) Solution: [21, 25] [0, 0, 1, 0]
18 0.9062502384185791 Robot: (27, 34, [0, 0, 0, 1]) Solution: [27, 34] [0, 0, 0, 1]
23 1.1509370803833008 Robot: (23, 9, [0, 1, 0, 0]) Solution: [23, 9] [0, 1, 0, 0]
10 0.4902474880218506 Robot: (14, 15, [1, 0, 0, 0]) Solution: [14, 15] [1, 0, 0, 0]
38 1.9020230770111084 Robot: (17, 14, [0, 0, 0, 1]) Solution: [17, 14] [0, 0, 0, 1]
18 0.9077346324920654 Robot: (30, 4, [0, 0, 0, 0]) Solution: [30, 4] [0, 0, 0, 0]
15 0.7477991580963135 Robot: (5, 24, [0, 1, 0, 0]) Solution: [5, 24] [0, 1, 0, 0]
14 0.698857307434082 Robot: (30, 17, [0, 0, 1, 0]) Solution: [30, 17] [0, 0, 1, 0]
23 1.1593482494354248 Robot: (19, 11, [1, 1, 0, 0]) Solution: [19, 11] [1, 1, 0, 0]
20 0.9861087799072266 Robot: (12, 37, [1, 0, 1, 0]) Solution: [12, 37] [1, 0, 1, 0]
24 1.200319528579712 Robot: (17, 8, [0, 1, 0, 1]) Solution: [17, 8] [0, 1, 0, 1]
19 0.9576675891876221 Robot: (28, 16, [0, 1, 0, 0]) Solution: [28, 16] [0, 1, 0, 0]
31 1.5900099277496338 Robot: (4, 14, [0, 1, 0, 1]) Solution: [4, 14] [0, 1, 0, 1]
16 0.8053188323974609 Robot: (21, 5, [1, 0, 0, 0]) Solution: [21, 5] [1, 0, 0, 0]
19 0.9737520217895508 Robot: (7, 11, [0, 0, 1, 0]) Solution: [7, 11] [0, 0, 1, 0]
10 0.4973878860473633 Robot: (1, 2, [0, 1, 0, 1]) Solution: [1, 2] [0, 1, 0, 1]
19 0.9547350406646729 Robot: (24, 21, [0, 0, 1, 0]) Solution: [24, 21] [0, 0, 1, 0]
13 0.6520524024963379 Robot: (1, 12, [0, 0, 0, 1]) Solution: [1, 12] [0, 0, 0, 1]
20 0.9977502822875977 Robot: (1, 5, [0, 0, 0, 1]) Solution: [1, 5] [0, 0, 0, 1]
31 1.56756591796875 Robot: (20, 1, [1, 0, 1, 0]) Solution: [20, 1] [1, 0, 1, 0]
22 1.1017181873321533 Robot: (27, 1, [1, 0, 1, 0]) Solution: [27, 1] [1, 0, 1, 0]
21 1.0579888820648193 Robot: (8, 25, [0, 0, 1, 0]) Solution: [8, 25] [0, 0, 1, 0]
19 0.9512202739715576 Robot: (20, 14, [0, 0, 0, 1]) Solution: [20, 14] [0, 0, 0, 1]
27 1.3695175647735596 Robot: (12, 35, [1, 0, 1, 0]) Solution: [12, 35] [1, 0, 1, 0]
9 0.4533815383911133 Robot: (16, 31, [0, 0, 0, 0]) Solution: [16, 31] [0, 0, 0, 0]
11 0.5464673042297363 Robot: (10, 8, [1, 0, 1, 0]) Solution: [10, 8] [1, 0, 1, 0]
24 1.205345869064331 Robot: (1, 4, [0, 0, 0, 1]) Solution: [1, 4] [0, 0, 0, 1]
25 1.2386550903320312 Robot: (29, 21, [0, 0, 1, 1]) Solution: [29, 21] [0, 0, 1, 1]
10 0.490985631942749 Robot: (12, 29, [0, 0, 0, 0]) Solution: [12, 29] [0, 0, 0, 0]
16 0.7912299633026123 Robot: (13, 5, [0, 0, 1, 0]) Solution: [13, 5] [0, 0, 1, 0]
10 0.5099897384643555 Robot: (8, 4, [1, 0, 0, 0]) Solution: [8, 4] [1, 0, 0, 0]
26 1.3088130950927734 Robot: (28, 32, [0, 1, 1, 0]) Solution: [28, 32] [0, 1, 1, 0]
45 2.275618314743042 Robot: (9, 1, [1, 1, 0, 0]) Solution: [9, 1] [1, 1, 0, 0]
21 1.0556409358978271 Robot: (31, 32, [0, 1, 0, 0]) Solution: [31, 32] [0, 1, 0, 0]
24 1.204345464706421 Robot: (25, 37, [0, 0, 1, 0]) Solution: [25, 37] [0, 0, 1, 0]
32 1.5946893692016602 Robot: (4, 12, [1, 1, 0, 1]) Solution: [4, 12] [1, 1, 0, 1]
19 0.9523358345031738 Robot: (15, 18, [0, 1, 0, 0]) Solution: [15, 18] [0, 1, 0, 0]
17 0.8541183471679688 Robot: (20, 4, [0, 1, 0, 0]) Solution: [20, 4] [0, 1, 0, 0]
11 0.5464270114898682 Robot: (16, 32, [0, 0, 1, 0]) Solution: [16, 32] [0, 0, 1, 0]
11 0.5506119728088379 Robot: (9, 2, [0, 1, 0, 0]) Solution: [9, 2] [0, 1, 0, 0]
38 1.8985142707824707 Robot: (11, 36, [0, 1, 0, 1]) Solution: [11, 36] [0, 1, 0, 1]
27 1.3509538173675537 Robot: (15, 34, [0, 0, 0, 1]) Solution: [15, 34] [0, 0, 0, 1]
16 0.7951838970184326 Robot: (23, 24, [0, 1, 0, 0]) Solution: [23, 24] [0, 1, 0, 0]
12 0.6143128871917725 Robot: (7, 18, [0, 1, 0, 0]) Solution: [7, 18] [0, 1, 0, 0]
43 2.136286973953247 Robot: (23, 3, [0, 1, 1, 1]) Solution: [23, 3] [0, 1, 1, 1]
15 0.7621746063232422 Robot: (23, 17, [0, 1, 1, 0]) Solution: [23, 17] [0, 1, 1, 0]
23 1.1610753536224365 Robot: (18, 29, [1, 0, 0, 0]) Solution: [18, 29] [1, 0, 0, 0]
17 0.8452916145324707 Robot: (23, 12, [0, 1, 0, 1]) Solution: [23, 12] [0, 1, 0, 1]
12 0.5976283550262451 Robot: (10, 10, [1, 1, 0, 1]) Solution: [10, 10] [1, 1, 0, 1]
11 0.5576670169830322 Robot: (28, 29, [1, 0, 1, 0]) Solution: [28, 29] [1, 0, 1, 0]
20 0.991661787033081 Robot: (11, 9, [0, 0, 1, 1]) Solution: [11, 9] [0, 0, 1, 1]
10 0.5018954277038574 Robot: (21, 14, [0, 1, 0, 0]) Solution: [21, 14] [0, 1, 0, 0]
16 0.8115780353546143 Robot: (13, 30, [0, 0, 0, 0]) Solution: [13, 30] [0, 0, 0, 0]
15 0.7443139553070068 Robot: (4, 22, [1, 1, 1, 0]) Solution: [4, 22] [1, 1, 1, 0]
16 0.8010351657867432 Robot: (5, 17, [1, 0, 0, 0]) Solution: [5, 17] [1, 0, 0, 0]
9 0.4546809196472168 Robot: (1, 16, [0, 0, 0, 1]) Solution: [1, 16] [0, 0, 0, 1]
12 0.6045961380004883 Robot: (1, 31, [0, 0, 1, 1]) Solution: [1, 31] [0, 0, 1, 1]
16 0.8039705753326416 Robot: (31, 3, [0, 1, 0, 0]) Solution: [31, 3] [0, 1, 0, 0]
10 0.5145556926727295 Robot: (28, 17, [0, 0, 1, 0]) Solution: [28, 17] [0, 0, 1, 0]
14 0.6954920291900635 Robot: (15, 12, [0, 0, 0, 1]) Solution: [15, 12] [0, 0, 0, 1]
30 1.4987781047821045 Robot: (30, 30, [0, 1, 0, 1]) Solution: [30, 30] [0, 1, 0, 1]
11 0.5532083511352539 Robot: (28, 32, [0, 1, 1, 0]) Solution: [28, 32] [0, 1, 1, 0]
17 0.860774040222168 Robot: (28, 32, [0, 1, 1, 0]) Solution: [28, 32] [0, 1, 1, 0]
8 0.3962407112121582 Robot: (31, 1, [1, 1, 0, 0]) Solution: [31, 1] [1, 1, 0, 0]
18 0.9030137062072754 Robot: (20, 5, [0, 0, 1, 0]) Solution: [20, 5] [0, 0, 1, 0]
19 0.9510946273803711 Robot: (5, 37, [0, 0, 1, 0]) Solution: [5, 37] [0, 0, 1, 0]
19 0.9465324878692627 Robot: (31, 15, [0, 1, 0, 0]) Solution: [31, 15] [0, 1, 0, 0]
17 0.8470191955566406 Robot: (31, 25, [0, 1, 1, 0]) Solution: [31, 25] [0, 1, 1, 0]
30 1.5479185581207275 Robot: (24, 31, [1, 0, 0, 0]) Solution: [24, 31] [1, 0, 0, 0]
15 0.37726497650146484 Robot: (13, 30, [0, 0, 0, 0]) Solution: [13, 30] [0, 0, 0, 0]
30 0.7768833637237549 Robot: (27, 15, [1, 0, 0, 0]) Solution: [27, 15] [1, 0, 0, 0]
18 0.47271013259887695 Robot: (31, 35, [0, 1, 0, 0]) Solution: [31, 35] [0, 1, 0, 0]
10 0.25099825859069824 Robot: (25, 15, [1, 0, 0, 0]) Solution: [25, 15] [1, 0, 0, 0]
23 0.5539147853851318 Robot: (20, 13, [1, 0, 0, 0]) Solution: [20, 13] [1, 0, 0, 0]
19 0.6181879043579102 Robot: (27, 3, [1, 1, 0, 0]) Solution: [27, 3] [1, 1, 0, 0]
11 0.26976633071899414 Robot: (6, 32, [0, 1, 0, 0]) Solution: [6, 32] [0, 1, 0, 0]
27 0.6341686248779297 Robot: (25, 33, [1, 1, 0, 0]) Solution: [25, 33] [1, 1, 0, 0]
31 0.7767157554626465 Robot: (19, 3, [1, 0, 0, 1]) Solution: [19, 3] [1, 0, 0, 1]
14 0.44803953170776367 Robot: (24, 31, [1, 0, 0, 0]) Solution: [24, 31] [1, 0, 0, 0]
20 0.7406585216522217 Robot: (20, 10, [0, 1, 1, 1]) Solution: [20, 10] [0, 1, 1, 1]
23 1.1983146667480469 Robot: (12, 22, [0, 0, 0, 1]) Solution: [12, 22] [0, 0, 0, 1]
12 0.6979985237121582 Robot: (21, 35, [0, 0, 0, 0]) Solution: [21, 35] [0, 0, 0, 0]
14 0.7361843585968018 Robot: (14, 18, [1, 0, 1, 0]) Solution: [14, 18] [1, 0, 1, 0]
13 0.442263126373291 Robot: (17, 25, [0, 0, 1, 0]) Solution: [17, 25] [0, 0, 1, 0]
17 0.8275654315948486 Robot: (21, 14, [0, 1, 0, 0]) Solution: [21, 14] [0, 1, 0, 0]
12 0.40200281143188477 Robot: (17, 17, [0, 0, 1, 1]) Solution: [17, 17] [0, 0, 1, 1]
14 0.4717080593109131 Robot: (31, 5, [0, 1, 0, 0]) Solution: [31, 5] [0, 1, 0, 0]
10 0.30980658531188965 Robot: (18, 19, [0, 0, 1, 0]) Solution: [18, 19] [0, 0, 1, 0]
10 0.27335643768310547 Robot: (15, 29, [0, 0, 0, 0]) Solution: [15, 29] [0, 0, 0, 0]
17 0.534451961517334 Robot: (3, 24, [0, 0, 0, 1]) Solution: [3, 24] [0, 0, 0, 1]
22 0.5819752216339111 Robot: (29, 24, [0, 1, 0, 0]) Solution: [29, 24] [0, 1, 0, 0]
10 0.3760221004486084 Robot: (15, 13, [0, 1, 0, 0]) Solution: [15, 13] [0, 1, 0, 0]
13 0.37129902839660645 Robot: (5, 23, [1, 0, 0, 1]) Solution: [5, 23] [1, 0, 0, 1]
11 0.32637548446655273 Robot: (17, 21, [1, 0, 0, 0]) Solution: [17, 21] [1, 0, 0, 0]
23 0.777846097946167 Robot: (17, 5, [0, 1, 0, 1]) Solution: [17, 5] [0, 1, 0, 1]
15 0.5940091609954834 Robot: (31, 27, [1, 1, 0, 0]) Solution: [31, 27] [1, 1, 0, 0]
16 0.5992858409881592 Robot: (11, 31, [1, 0, 0, 1]) Solution: [11, 31] [1, 0, 0, 1]
11 0.5004427433013916 Robot: (21, 11, [1, 1, 0, 1]) Solution: [21, 11] [1, 1, 0, 1]
14 0.5221266746520996 Robot: (19, 29, [0, 1, 0, 0]) Solution: [19, 29] [0, 1, 0, 0]
21 0.5460731983184814 Robot: (12, 31, [0, 0, 1, 0]) Solution: [12, 31] [0, 0, 1, 0]
26 0.7588815689086914 Robot: (8, 37, [0, 0, 1, 0]) Solution: [8, 37] [0, 0, 1, 0]
12 0.3537719249725342 Robot: (4, 37, [0, 0, 1, 0]) Solution: [4, 37] [0, 0, 1, 0]
16 0.4572865962982178 Robot: (22, 17, [1, 0, 0, 0]) Solution: [22, 17] [1, 0, 0, 0]
17 0.5256621837615967 Robot: (14, 20, [1, 0, 0, 1]) Solution: [14, 20] [1, 0, 0, 1]
8 0.23410534858703613 Robot: (15, 33, [0, 1, 0, 1]) Solution: [15, 33] [0, 1, 0, 1]
13 0.3765890598297119 Robot: (6, 17, [0, 0, 0, 0]) Solution: [6, 17] [0, 0, 0, 0]
16 0.4470243453979492 Robot: (27, 22, [0, 0, 0, 1]) Solution: [27, 22] [0, 0, 0, 1]
9 0.3339831829071045 Robot: (31, 23, [0, 1, 0, 1]) Solution: [31, 23] [0, 1, 0, 1]
20 0.5325181484222412 Robot: (19, 31, [0, 0, 1, 0]) Solution: [19, 31] [0, 0, 1, 0]
49 1.5880811214447021 Robot: (28, 37, [0, 0, 1, 0]) Solution: [28, 37] [0, 0, 1, 0]
12 0.6015725135803223 Robot: (19, 22, [0, 1, 0, 1]) Solution: [19, 22] [0, 1, 0, 1]
21 0.5443129539489746 Robot: (12, 35, [1, 0, 1, 0]) Solution: [12, 35] [1, 0, 1, 0]
35 1.0564501285552979 Robot: (1, 33, [1, 0, 0, 1]) Solution: [1, 33] [1, 0, 0, 1]
12 0.4533083438873291 Robot: (8, 36, [0, 1, 0, 0]) Solution: [8, 36] [0, 1, 0, 0]
13 0.35484886169433594 Robot: (15, 29, [0, 0, 0, 0]) Solution: [15, 29] [0, 0, 0, 0]
16 0.7157018184661865 Robot: (15, 18, [0, 1, 0, 0]) Solution: [15, 18] [0, 1, 0, 0]
14 0.40076375007629395 Robot: (16, 15, [1, 0, 1, 0]) Solution: [16, 15] [1, 0, 1, 0]
16 0.4836549758911133 Robot: (28, 16, [0, 1, 0, 0]) Solution: [28, 16] [0, 1, 0, 0]
19 0.5151281356811523 Robot: (16, 7, [1, 0, 1, 0]) Solution: [16, 7] [1, 0, 1, 0]
10 0.2555358409881592 Robot: (12, 31, [0, 0, 1, 0]) Solution: [12, 31] [0, 0, 1, 0]
19 0.6808087825775146 Robot: (25, 8, [0, 1, 0, 1]) Solution: [25, 8] [0, 1, 0, 1]
30 0.914515495300293 Robot: (20, 17, [0, 0, 0, 0]) Solution: [20, 17] [0, 0, 0, 0]
16 0.5057601928710938 Robot: (3, 19, [1, 0, 0, 0]) Solution: [3, 19] [1, 0, 0, 0]
20 0.520388126373291 Robot: (3, 31, [1, 0, 1, 0]) Solution: [3, 31] [1, 0, 1, 0]
24 0.7026736736297607 Robot: (5, 1, [1, 0, 0, 0]) Solution: [5, 1] [1, 0, 0, 0]
39 1.1891679763793945 Robot: (25, 1, [1, 0, 0, 0]) Solution: [25, 1] [1, 0, 0, 0]
19 0.5719702243804932 Robot: (16, 1, [1, 0, 1, 0]) Solution: [16, 1] [1, 0, 1, 0]
13 0.4150717258453369 Robot: (3, 7, [1, 1, 0, 0]) Solution: [3, 7] [1, 1, 0, 0]
18 0.5388631820678711 Robot: (23, 27, [0, 0, 0, 0]) Solution: [23, 27] [0, 0, 0, 0]
12 0.37868332862854004 Robot: (24, 7, [1, 0, 1, 0]) Solution: [24, 7] [1, 0, 1, 0]
17 0.4764289855957031 Robot: (11, 19, [1, 0, 1, 0]) Solution: [11, 19] [1, 0, 1, 0]
10 0.25116777420043945 Robot: (25, 15, [1, 0, 0, 0]) Solution: [25, 15] [1, 0, 0, 0]
18 0.5181057453155518 Robot: (13, 19, [0, 1, 1, 0]) Solution: [13, 19] [0, 1, 1, 0]
21 0.5640120506286621 Robot: (6, 32, [0, 1, 0, 0]) Solution: [6, 32] [0, 1, 0, 0]
42 1.538825273513794 Robot: (25, 37, [0, 0, 1, 0]) Solution: [25, 37] [0, 0, 1, 0]
26 0.7616913318634033 Robot: (27, 3, [1, 1, 0, 0]) Solution: [27, 3] [1, 1, 0, 0]
20 0.5112476348876953 Robot: (17, 7, [0, 1, 0, 0]) Solution: [17, 7] [0, 1, 0, 0]
11 0.2957618236541748 Robot: (27, 32, [0, 0, 0, 0]) Solution: [27, 32] [0, 0, 0, 0]
18 0.45767760276794434 Robot: (16, 34, [1, 1, 0, 0]) Solution: [16, 34] [1, 1, 0, 0]
13 0.31249213218688965 Robot: (5, 19, [0, 1, 0, 0]) Solution: [5, 19] [0, 1, 0, 0]
12 0.3071131706237793 Robot: (17, 3, [1, 1, 0, 0]) Solution: [17, 3] [1, 1, 0, 0]
34 1.3257417678833008 Robot: (18, 37, [1, 0, 1, 0]) Solution: [18, 37] [1, 0, 1, 0]
20 1.0237810611724854 Robot: (11, 21, [1, 0, 1, 0]) Solution: [11, 21] [1, 0, 1, 0]
18 0.8980896472930908 Robot: (29, 7, [1, 0, 0, 0]) Solution: [29, 7] [1, 0, 0, 0]
24 1.2098760604858398 Robot: (21, 29, [0, 0, 1, 1]) Solution: [21, 29] [0, 0, 1, 1]
14 0.7110459804534912 Robot: (8, 15, [1, 0, 1, 0]) Solution: [8, 15] [1, 0, 1, 0]
38 2.0599405765533447 Robot: (5, 32, [0, 0, 0, 1]) Solution: [5, 32] [0, 0, 0, 1]
32 1.6559038162231445 Robot: (23, 15, [1, 0, 0, 1]) Solution: [23, 15] [1, 0, 0, 1]
14 0.7015500068664551 Robot: (29, 5, [0, 0, 1, 1]) Solution: [29, 5] [0, 0, 1, 1]
13 0.6393237113952637 Robot: (9, 2, [0, 1, 0, 0]) Solution: [9, 2] [0, 1, 0, 0]
17 0.8346247673034668 Robot: (31, 31, [1, 1, 0, 0]) Solution: [31, 31] [1, 1, 0, 0]
17 0.8381431102752686 Robot: (17, 5, [0, 1, 0, 1]) Solution: [17, 5] [0, 1, 0, 1]
32 1.5896592140197754 Robot: (26, 23, [1, 0, 0, 0]) Solution: [26, 23] [1, 0, 0, 0]
17 0.840843677520752 Robot: (28, 1, [1, 0, 1, 0]) Solution: [28, 1] [1, 0, 1, 0]
26 1.2941410541534424 Robot: (17, 5, [0, 1, 0, 1]) Solution: [17, 5] [0, 1, 0, 1]
10 0.49218010902404785 Robot: (19, 7, [0, 0, 1, 1]) Solution: [19, 7] [0, 0, 1, 1]
23 1.1385421752929688 Robot: (5, 20, [0, 0, 0, 1]) Solution: [5, 20] [0, 0, 0, 1]
15 0.7351775169372559 Robot: (20, 17, [0, 0, 0, 0]) Solution: [20, 17] [0, 0, 0, 0]
18 0.8895664215087891 Robot: (1, 13, [0, 0, 1, 1]) Solution: [1, 13] [0, 0, 1, 1]
9 0.45389795303344727 Robot: (16, 23, [1, 0, 1, 0]) Solution: [16, 23] [1, 0, 1, 0]
19 0.9378106594085693 Robot: (9, 7, [0, 1, 0, 0]) Solution: [9, 7] [0, 1, 0, 0]
21 1.0526070594787598 Robot: (21, 13, [0, 0, 0, 0]) Solution: [21, 13] [0, 0, 0, 0]
15 0.756340503692627 Robot: (9, 29, [0, 1, 0, 0]) Solution: [9, 29] [0, 1, 0, 0]
24 1.1938111782073975 Robot: (12, 1, [1, 0, 1, 0]) Solution: [12, 1] [1, 0, 1, 0]
9 0.45058536529541016 Robot: (3, 9, [0, 1, 0, 0]) Solution: [3, 9] [0, 1, 0, 0]
19 0.9396846294403076 Robot: (1, 13, [0, 0, 1, 1]) Solution: [1, 13] [0, 0, 1, 1]
16 0.7897834777832031 Robot: (5, 1, [1, 0, 0, 0]) Solution: [5, 1] [1, 0, 0, 0]
21 1.0407252311706543 Robot: (17, 3, [1, 1, 0, 0]) Solution: [17, 3] [1, 1, 0, 0]
15 0.7378246784210205 Robot: (6, 37, [0, 0, 1, 0]) Solution: [6, 37] [0, 0, 1, 0]
12 0.5955724716186523 Robot: (12, 5, [1, 0, 0, 0]) Solution: [12, 5] [1, 0, 0, 0]
15 0.7329361438751221 Robot: (28, 29, [1, 0, 1, 0]) Solution: [28, 29] [1, 0, 1, 0]
49 2.4966201782226562 Robot: (9, 1, [1, 1, 0, 0]) Solution: [9, 1] [1, 1, 0, 0]
27 1.2784855365753174 Robot: (7, 29, [0, 0, 0, 0]) Solution: [7, 29] [0, 0, 0, 0]
16 0.7409493923187256 Robot: (23, 29, [0, 0, 0, 0]) Solution: [23, 29] [0, 0, 0, 0]
14 0.680823802947998 Robot: (21, 29, [0, 0, 1, 1]) Solution: [21, 29] [0, 0, 1, 1]
14 0.6606261730194092 Robot: (28, 22, [1, 1, 0, 0]) Solution: [28, 22] [1, 1, 0, 0]
31 1.4670538902282715 Robot: (6, 1, [1, 0, 1, 0]) Solution: [6, 1] [1, 0, 1, 0]
26 1.2349388599395752 Robot: (20, 17, [0, 0, 0, 0]) Solution: [20, 17] [0, 0, 0, 0]
25 1.1755633354187012 Robot: (2, 11, [0, 0, 0, 0]) Solution: [2, 11] [0, 0, 0, 0]
25 1.1741421222686768 Robot: (14, 18, [1, 0, 1, 0]) Solution: [14, 18] [1, 0, 1, 0]
46 2.176544427871704 Robot: (2, 13, [0, 0, 1, 0]) Solution: [2, 13] [0, 0, 1, 0]
17 0.8089470863342285 Robot: (10, 8, [1, 0, 1, 0]) Solution: [10, 8] [1, 0, 1, 0]
23 1.0827138423919678 Robot: (31, 37, [0, 1, 1, 0]) Solution: [31, 37] [0, 1, 1, 0]
12 0.5668210983276367 Robot: (5, 6, [0, 0, 0, 1]) Solution: [5, 6] [0, 0, 0, 1]
32 1.4936726093292236 Robot: (19, 4, [0, 0, 0, 1]) Solution: [19, 4] [0, 0, 0, 1]
18 0.8415589332580566 Robot: (17, 5, [0, 1, 0, 1]) Solution: [17, 5] [0, 1, 0, 1]
24 1.1457250118255615 Robot: (28, 7, [1, 0, 1, 0]) Solution: [28, 7] [1, 0, 1, 0]
13 0.5953185558319092 Robot: (2, 11, [0, 0, 0, 0]) Solution: [2, 11] [0, 0, 0, 0]
20 0.9464218616485596 Robot: (2, 6, [0, 1, 0, 0]) Solution: [2, 6] [0, 1, 0, 0]
22 1.0321428775787354 Robot: (23, 27, [0, 0, 0, 0]) Solution: [23, 27] [0, 0, 0, 0]
15 0.7074117660522461 Robot: (23, 10, [0, 0, 0, 1]) Solution: [23, 10] [0, 0, 0, 1]
9 0.4099726676940918 Robot: (28, 16, [0, 1, 0, 0]) Solution: [28, 16] [0, 1, 0, 0]
15 0.7685036659240723 Robot: (21, 33, [0, 0, 0, 0]) Solution: [21, 33] [0, 0, 0, 0]
16 0.7978646755218506 Robot: (25, 9, [0, 0, 1, 1]) Solution: [25, 9] [0, 0, 1, 1]
62 2.9919586181640625 Robot: (5, 32, [0, 0, 0, 1]) Solution: [5, 32] [0, 0, 0, 1]
18 0.8755273818969727 Robot: (4, 27, [0, 0, 1, 0]) Solution: [4, 27] [0, 0, 1, 0]
15 0.7404782772064209 Robot: (23, 1, [1, 0, 0, 0]) Solution: [23, 1] [1, 0, 0, 0]
18 0.8573043346405029 Robot: (17, 7, [0, 1, 0, 0]) Solution: [17, 7] [0, 1, 0, 0]
18 0.8816556930541992 Robot: (27, 17, [0, 0, 0, 0]) Solution: [27, 17] [0, 0, 0, 0]
27 1.3281841278076172 Robot: (25, 2, [0, 1, 0, 0]) Solution: [25, 2] [0, 1, 0, 0]
15 0.7491519451141357 Robot: (4, 8, [1, 1, 1, 0]) Solution: [4, 8] [1, 1, 1, 0]
25 1.226194143295288 Robot: (26, 9, [1, 0, 1, 0]) Solution: [26, 9] [1, 0, 1, 0]
11 0.5456581115722656 Robot: (9, 3, [0, 0, 0, 1]) Solution: [9, 3] [0, 0, 0, 1]
17 0.808783769607544 Robot: (13, 25, [1, 0, 0, 1]) Solution: [13, 25] [1, 0, 0, 1]
38 1.8286757469177246 Robot: (31, 16, [0, 1, 0, 0]) Solution: [31, 16] [0, 1, 0, 0]
24 1.149498701095581 Robot: (31, 1, [1, 1, 0, 0]) Solution: [31, 1] [1, 1, 0, 0]
15 0.7231276035308838 Robot: (11, 17, [0, 0, 1, 1]) Solution: [11, 17] [0, 0, 1, 1]
11 0.5272083282470703 Robot: (16, 11, [1, 0, 0, 0]) Solution: [16, 11] [1, 0, 0, 0]
16 0.7592628002166748 Robot: (16, 21, [1, 0, 1, 0]) Solution: [16, 21] [1, 0, 1, 0]
18 0.8742754459381104 Robot: (27, 16, [0, 0, 0, 1]) Solution: [27, 16] [0, 0, 0, 1]
20 0.9523370265960693 Robot: (1, 26, [0, 0, 0, 1]) Solution: [1, 26] [0, 0, 0, 1]
13 0.6334090232849121 Robot: (2, 22, [0, 0, 0, 1]) Solution: [2, 22] [0, 0, 0, 1]
44 2.1186776161193848 Robot: (18, 33, [0, 0, 1, 0]) Solution: [18, 33] [0, 0, 1, 0]
15 0.7354288101196289 Robot: (21, 33, [0, 0, 0, 0]) Solution: [21, 33] [0, 0, 0, 0]
18 0.9601640701293945 Robot: (31, 31, [1, 1, 0, 0]) Solution: [31, 31] [1, 1, 0, 0]
21 1.1464779376983643 Robot: (26, 32, [0, 0, 1, 1]) Solution: [26, 32] [0, 0, 1, 1]
12 0.7067196369171143 Robot: (15, 12, [0, 0, 0, 1]) Solution: [15, 12] [0, 0, 0, 1]
18 0.6671082973480225 Robot: (7, 4, [0, 0, 0, 1]) Solution: [7, 4] [0, 0, 0, 1]
30 0.7137556076049805 Robot: (24, 23, [1, 0, 1, 0]) Solution: [24, 23] [1, 0, 1, 0]
12 0.2887129783630371 Robot: (15, 29, [0, 0, 0, 0]) Solution: [15, 29] [0, 0, 0, 0]
18 0.42079639434814453 Robot: (11, 32, [0, 1, 0, 0]) Solution: [11, 32] [0, 1, 0, 0]
18 0.5076851844787598 Robot: (17, 23, [0, 1, 0, 0]) Solution: [17, 23] [0, 1, 0, 0]
17 0.4523193836212158 Robot: (30, 12, [1, 0, 1, 0]) Solution: [30, 12] [1, 0, 1, 0]
29 0.7370090484619141 Robot: (1, 1, [1, 0, 0, 1]) Solution: [1, 1] [1, 0, 0, 1]
36 0.945457935333252 Robot: (29, 15, [0, 0, 1, 0]) Solution: [29, 15] [0, 0, 1, 0]
25 0.652411699295044 Robot: (18, 25, [1, 0, 1, 0]) Solution: [18, 25] [1, 0, 1, 0]
13 0.36115527153015137 Robot: (3, 23, [0, 1, 0, 0]) Solution: [3, 23] [0, 1, 0, 0]
11 0.26666712760925293 Robot: (9, 34, [0, 0, 0, 0]) Solution: [9, 34] [0, 0, 0, 0]
47 1.2841479778289795 Robot: (17, 9, [0, 0, 1, 0]) Solution: [17, 9] [0, 0, 1, 0]
13 0.37955570220947266 Robot: (3, 23, [0, 1, 0, 0]) Solution: [3, 23] [0, 1, 0, 0]
25 0.7465403079986572 Robot: (31, 22, [0, 1, 0, 1]) Solution: [31, 22] [0, 1, 0, 1]
27 1.2061197757720947 Robot: (7, 3, [0, 1, 0, 1]) Solution: [7, 3] [0, 1, 0, 1]
20 0.9552907943725586 Robot: (15, 34, [0, 0, 0, 1]) Solution: [15, 34] [0, 0, 0, 1]
17 0.82004714012146 Robot: (1, 24, [0, 1, 0, 1]) Solution: [1, 24] [0, 1, 0, 1]
16 0.7640786170959473 Robot: (18, 9, [1, 0, 1, 0]) Solution: [18, 9] [1, 0, 1, 0]
28 1.322288990020752 Robot: (7, 25, [1, 0, 0, 0]) Solution: [7, 25] [1, 0, 0, 0]
10 0.484053373336792 Robot: (25, 33, [1, 1, 0, 0]) Solution: [25, 33] [1, 1, 0, 0]
16 0.7635233402252197 Robot: (20, 31, [1, 0, 1, 0]) Solution: [20, 31] [1, 0, 1, 0]
20 0.9604017734527588 Robot: (15, 14, [0, 1, 0, 1]) Solution: [15, 14] [0, 1, 0, 1]
14 0.6615307331085205 Robot: (1, 27, [0, 1, 0, 1]) Solution: [1, 27] [0, 1, 0, 1]
23 1.0942599773406982 Robot: (30, 31, [0, 0, 0, 0]) Solution: [30, 31] [0, 0, 0, 0]
11 0.5249497890472412 Robot: (27, 24, [0, 0, 0, 0]) Solution: [27, 24] [0, 0, 0, 0]
9 0.4241302013397217 Robot: (6, 36, [1, 0, 0, 0]) Solution: [6, 36] [1, 0, 0, 0]
16 0.7764427661895752 Robot: (17, 13, [0, 1, 0, 1]) Solution: [17, 13] [0, 1, 0, 1]
22 1.0497522354125977 Robot: (29, 21, [0, 0, 1, 1]) Solution: [29, 21] [0, 0, 1, 1]
30 1.4390764236450195 Robot: (23, 12, [0, 1, 0, 1]) Solution: [23, 12] [0, 1, 0, 1]
23 1.1065263748168945 Robot: (23, 31, [0, 0, 1, 1]) Solution: [23, 31] [0, 0, 1, 1]
17 0.7881569862365723 Robot: (22, 33, [1, 0, 1, 0]) Solution: [22, 33] [1, 0, 1, 0]
26 1.2333264350891113 Robot: (31, 12, [0, 1, 0, 0]) Solution: [31, 12] [0, 1, 0, 0]
15 0.7172119617462158 Robot: (26, 23, [1, 0, 0, 0]) Solution: [26, 23] [1, 0, 0, 0]
40 1.4883627891540527 Robot: (29, 18, [0, 1, 0, 1]) Solution: [29, 18] [0, 1, 0, 1]
13 0.30728888511657715 Robot: (13, 23, [0, 0, 1, 0]) Solution: [13, 23] [0, 0, 1, 0]
14 0.3460562229156494 Robot: (11, 31, [1, 0, 0, 1]) Solution: [11, 31] [1, 0, 0, 1]
24 0.731635570526123 Robot: (7, 7, [1, 0, 0, 0]) Solution: [7, 7] [1, 0, 0, 0]
12 0.30844545364379883 Robot: (15, 15, [0, 0, 0, 0]) Solution: [15, 15] [0, 0, 0, 0]
17 0.42606186866760254 Robot: (4, 35, [1, 0, 0, 0]) Solution: [4, 35] [1, 0, 0, 0]
17 0.4125518798828125 Robot: (31, 4, [0, 1, 0, 0]) Solution: [31, 4] [0, 1, 0, 0]
22 0.5297670364379883 Robot: (21, 37, [0, 0, 1, 0]) Solution: [21, 37] [0, 0, 1, 0]
14 0.3375866413116455 Robot: (5, 24, [0, 1, 0, 0]) Solution: [5, 24] [0, 1, 0, 0]
11 0.5340914726257324 Robot: (22, 35, [1, 0, 1, 0]) Solution: [22, 35] [1, 0, 1, 0]
34 1.6395196914672852 Robot: (28, 36, [0, 1, 0, 1]) Solution: [28, 36] [0, 1, 0, 1]
15 0.6299855709075928 Robot: (25, 1, [1, 0, 0, 0]) Solution: [25, 1] [1, 0, 0, 0]
17 0.4025745391845703 Robot: (1, 13, [0, 0, 1, 1]) Solution: [1, 13] [0, 0, 1, 1]
11 0.27242016792297363 Robot: (20, 4, [0, 1, 0, 0]) Solution: [20, 4] [0, 1, 0, 0]
15 0.44263529777526855 Robot: (5, 37, [0, 0, 1, 0]) Solution: [5, 37] [0, 0, 1, 0]
21 0.6017627716064453 Robot: (23, 27, [0, 0, 0, 0]) Solution: [23, 27] [0, 0, 0, 0]
31 0.7577993869781494 Robot: (25, 21, [1, 0, 1, 0]) Solution: [25, 21] [1, 0, 1, 0]
19 0.5099356174468994 Robot: (20, 4, [0, 1, 0, 0]) Solution: [20, 4] [0, 1, 0, 0]
14 0.3412621021270752 Robot: (7, 36, [0, 0, 0, 0]) Solution: [7, 36] [0, 0, 0, 0]
12 0.29033803939819336 Robot: (27, 21, [1, 1, 0, 0]) Solution: [27, 21] [1, 1, 0, 0]
15 0.4219484329223633 Robot: (3, 17, [1, 0, 1, 1]) Solution: [3, 17] [1, 0, 1, 1]
16 0.3759729862213135 Robot: (12, 29, [0, 0, 0, 0]) Solution: [12, 29] [0, 0, 0, 0]
14 0.34319353103637695 Robot: (15, 16, [0, 1, 0, 0]) Solution: [15, 16] [0, 1, 0, 0]
16 0.623680591583252 Robot: (15, 31, [0, 0, 0, 0]) Solution: [15, 31] [0, 0, 0, 0]
36 1.2268867492675781 Robot: (20, 23, [1, 0, 1, 0]) Solution: [20, 23] [1, 0, 1, 0]
13 0.4246675968170166 Robot: (7, 18, [0, 1, 0, 0]) Solution: [7, 18] [0, 1, 0, 0]
19 0.5099577903747559 Robot: (25, 3, [0, 0, 1, 1]) Solution: [25, 3] [0, 0, 1, 1]
17 0.40728187561035156 Robot: (23, 29, [0, 0, 0, 0]) Solution: [23, 29] [0, 0, 0, 0]
23 0.5582926273345947 Robot: (23, 8, [0, 1, 0, 1]) Solution: [23, 8] [0, 1, 0, 1]
28 0.6832444667816162 Robot: (8, 23, [1, 0, 0, 0]) Solution: [8, 23] [1, 0, 0, 0]
20 0.49286413192749023 Robot: (14, 13, [1, 0, 1, 0]) Solution: [14, 13] [1, 0, 1, 0]
27 0.6649265289306641 Robot: (21, 14, [0, 1, 0, 0]) Solution: [21, 14] [0, 1, 0, 0]
10 0.33013153076171875 Robot: (25, 21, [1, 0, 1, 0]) Solution: [25, 21] [1, 0, 1, 0]
12 0.30454397201538086 Robot: (29, 13, [0, 1, 0, 0]) Solution: [29, 13] [0, 1, 0, 0]
10 0.26525378227233887 Robot: (23, 17, [0, 1, 1, 0]) Solution: [23, 17] [0, 1, 1, 0]
16 0.47301363945007324 Robot: (25, 36, [0, 1, 0, 1]) Solution: [25, 36] [0, 1, 0, 1]
52 1.3781476020812988 Robot: (21, 35, [0, 0, 0, 0]) Solution: [21, 35] [0, 0, 0, 0]
19 0.45882511138916016 Robot: (23, 21, [1, 0, 1, 0]) Solution: [23, 21] [1, 0, 1, 0]
15 0.36078953742980957 Robot: (15, 18, [0, 1, 0, 0]) Solution: [15, 18] [0, 1, 0, 0]
25 0.5900869369506836 Robot: (4, 37, [0, 0, 1, 0]) Solution: [4, 37] [0, 0, 1, 0]
23 0.543710470199585 Robot: (31, 19, [0, 1, 0, 0]) Solution: [31, 19] [0, 1, 0, 0]
12 0.3367347717285156 Robot: (15, 33, [0, 1, 0, 1]) Solution: [15, 33] [0, 1, 0, 1]
21 0.5647554397583008 Robot: (11, 27, [0, 1, 0, 0]) Solution: [11, 27] [0, 1, 0, 0]
14 0.3421742916107178 Robot: (5, 32, [0, 0, 0, 1]) Solution: [5, 32] [0, 0, 0, 1]
20 0.4892754554748535 Robot: (3, 11, [0, 1, 1, 0]) Solution: [3, 11] [0, 1, 1, 0]
18 0.4457719326019287 Robot: (5, 5, [1, 1, 0, 0]) Solution: [5, 5] [1, 1, 0, 0]
17 0.4120306968688965 Robot: (27, 17, [0, 0, 0, 0]) Solution: [27, 17] [0, 0, 0, 0]
13 0.315990686416626 Robot: (8, 5, [0, 0, 1, 0]) Solution: [8, 5] [0, 0, 1, 0]
17 0.42618823051452637 Robot: (21, 23, [0, 0, 0, 0]) Solution: [21, 23] [0, 0, 0, 0]
81 1.9681107997894287 Robot: (9, 34, [0, 0, 0, 0]) Solution: [9, 34] [0, 0, 0, 0]
13 0.3171393871307373 Robot: (20, 14, [0, 0, 0, 1]) Solution: [20, 14] [0, 0, 0, 1]
8 0.19434261322021484 Robot: (17, 31, [1, 0, 0, 0]) Solution: [17, 31] [1, 0, 0, 0]
18 0.5214705467224121 Robot: (28, 35, [0, 0, 0, 0]) Solution: [28, 35] [0, 0, 0, 0]
13 0.43164968490600586 Robot: (7, 3, [0, 1, 0, 1]) Solution: [7, 3] [0, 1, 0, 1]
15 0.7885856628417969 Robot: (31, 14, [0, 1, 0, 1]) Solution: [31, 14] [0, 1, 0, 1]
22 0.7450976371765137 Robot: (24, 35, [1, 0, 1, 0]) Solution: [24, 35] [1, 0, 1, 0]
13 0.30760765075683594 Robot: (18, 18, [0, 1, 0, 1]) Solution: [18, 18] [0, 1, 0, 1]
10 0.2679615020751953 Robot: (10, 34, [1, 1, 1, 0]) Solution: [10, 34] [1, 1, 1, 0]
14 0.3314802646636963 Robot: (6, 27, [1, 0, 0, 0]) Solution: [6, 27] [1, 0, 0, 0]
15 0.3616673946380615 Robot: (24, 21, [0, 0, 1, 0]) Solution: [24, 21] [0, 0, 1, 0]
31 0.7696900367736816 Robot: (17, 32, [0, 0, 0, 0]) Solution: [17, 32] [0, 0, 0, 0]
32 0.7649977207183838 Robot: (14, 20, [1, 0, 0, 1]) Solution: [14, 20] [1, 0, 0, 1]
14 0.33361005783081055 Robot: (13, 1, [1, 1, 0, 0]) Solution: [13, 1] [1, 1, 0, 0]
14 0.36019158363342285 Robot: (25, 19, [1, 0, 1, 0]) Solution: [25, 19] [1, 0, 1, 0]
19 0.5531818866729736 Robot: (5, 17, [1, 0, 0, 0]) Solution: [5, 17] [1, 0, 0, 0]
19 0.481414794921875 Robot: (2, 13, [0, 0, 1, 0]) Solution: [2, 13] [0, 0, 1, 0]
9 0.21670293807983398 Robot: (17, 29, [0, 0, 1, 0]) Solution: [17, 29] [0, 0, 1, 0]
12 0.406358003616333 Robot: (16, 31, [0, 0, 0, 0]) Solution: [16, 31] [0, 0, 0, 0]
14 0.41286468505859375 Robot: (23, 10, [0, 0, 0, 1]) Solution: [23, 10] [0, 0, 0, 1]
24 0.5873246192932129 Robot: (20, 3, [1, 0, 0, 0]) Solution: [20, 3] [1, 0, 0, 0]
13 0.41523289680480957 Robot: (17, 5, [0, 1, 0, 1]) Solution: [17, 5] [0, 1, 0, 1]
20 0.7862768173217773 Robot: (31, 37, [0, 1, 1, 0]) Solution: [31, 37] [0, 1, 1, 0]
16 0.6247227191925049 Robot: (19, 13, [0, 0, 1, 1]) Solution: [19, 13] [0, 0, 1, 1]
21 0.9969315528869629 Robot: (8, 35, [0, 0, 0, 0]) Solution: [8, 35] [0, 0, 0, 0]
19 0.8945043087005615 Robot: (29, 8, [0, 1, 0, 1]) Solution: [29, 8] [0, 1, 0, 1]
50 2.378460168838501 Robot: (21, 37, [0, 0, 1, 0]) Solution: [21, 37] [0, 0, 1, 0]
11 0.5266656875610352 Robot: (19, 5, [0, 0, 0, 1]) Solution: [19, 5] [0, 0, 0, 1]
21 0.9794034957885742 Robot: (12, 9, [1, 0, 0, 0]) Solution: [12, 9] [1, 0, 0, 0]
14 0.6527900695800781 Robot: (20, 31, [1, 0, 1, 0]) Solution: [20, 31] [1, 0, 1, 0]
13 0.608954906463623 Robot: (1, 6, [0, 0, 0, 1]) Solution: [1, 6] [0, 0, 0, 1]
26 1.3443777561187744 Robot: (8, 29, [1, 0, 1, 0]) Solution: [8, 29] [1, 0, 1, 0]
22 1.04437255859375 Robot: (1, 15, [1, 0, 0, 1]) Solution: [1, 15] [1, 0, 0, 1]
28 1.325791358947754 Robot: (21, 33, [0, 0, 0, 0]) Solution: [21, 33] [0, 0, 0, 0]
25 1.1918070316314697 Robot: (27, 12, [0, 1, 0, 1]) Solution: [27, 12] [0, 1, 0, 1]
9 0.4310905933380127 Robot: (5, 7, [0, 0, 1, 1]) Solution: [5, 7] [0, 0, 1, 1]
15 0.7273972034454346 Robot: (22, 24, [0, 0, 0, 0]) Solution: [22, 24] [0, 0, 0, 0]
10 0.4681100845336914 Robot: (13, 30, [0, 0, 0, 0]) Solution: [13, 30] [0, 0, 0, 0]
20 0.9759893417358398 Robot: (7, 7, [1, 0, 0, 0]) Solution: [7, 7] [1, 0, 0, 0]
26 1.229356288909912 Robot: (30, 15, [1, 0, 0, 0]) Solution: [30, 15] [1, 0, 0, 0]
16 0.7713623046875 Robot: (27, 5, [0, 1, 1, 0]) Solution: [27, 5] [0, 1, 1, 0]
17 0.8054039478302002 Robot: (12, 29, [0, 0, 0, 0]) Solution: [12, 29] [0, 0, 0, 0]
11 0.5343966484069824 Robot: (3, 20, [0, 1, 0, 1]) Solution: [3, 20] [0, 1, 0, 1]
11 0.5195221900939941 Robot: (23, 21, [1, 0, 1, 0]) Solution: [23, 21] [1, 0, 1, 0]
11 0.5229916572570801 Robot: (2, 7, [0, 0, 1, 0]) Solution: [2, 7] [0, 0, 1, 0]
9 0.44336390495300293 Robot: (11, 1, [1, 0, 0, 1]) Solution: [11, 1] [1, 0, 0, 1]
22 1.0652101039886475 Robot: (4, 19, [1, 0, 1, 0]) Solution: [4, 19] [1, 0, 1, 0]
10 0.4806671142578125 Robot: (28, 16, [0, 1, 0, 0]) Solution: [28, 16] [0, 1, 0, 0]
16 0.7685794830322266 Robot: (8, 8, [0, 0, 0, 0]) Solution: [8, 8] [0, 0, 0, 0]
11 0.5198190212249756 Robot: (16, 29, [1, 0, 0, 0]) Solution: [16, 29] [1, 0, 0, 0]
25 1.1968624591827393 Robot: (19, 27, [0, 0, 0, 0]) Solution: [19, 27] [0, 0, 0, 0]
32 1.5365214347839355 Robot: (4, 1, [1, 0, 1, 0]) Solution: [4, 1] [1, 0, 1, 0]
20 0.9527907371520996 Robot: (20, 5, [0, 0, 1, 0]) Solution: [20, 5] [0, 0, 1, 0]
14 0.6877820491790771 Robot: (19, 21, [1, 0, 0, 0]) Solution: [19, 21] [1, 0, 0, 0]
26 1.235785722732544 Robot: (29, 4, [0, 0, 0, 1]) Solution: [29, 4] [0, 0, 0, 1]
12 0.5716769695281982 Robot: (2, 37, [1, 0, 1, 0]) Solution: [2, 37] [1, 0, 1, 0]
23 1.0926318168640137 Robot: (2, 37, [1, 0, 1, 0]) Solution: [2, 37] [1, 0, 1, 0]
18 0.8509504795074463 Robot: (13, 25, [1, 0, 0, 1]) Solution: [13, 25] [1, 0, 0, 1]
12 0.5188980102539062 Robot: (3, 5, [1, 0, 1, 0]) Solution: [3, 5] [1, 0, 1, 0]
22 0.5380797386169434 Robot: (24, 16, [0, 0, 1, 0]) Solution: [24, 16] [0, 0, 1, 0]
21 0.4996664524078369 Robot: (5, 10, [0, 1, 0, 1]) Solution: [5, 10] [0, 1, 0, 1]
18 0.661186695098877 Robot: (30, 4, [0, 0, 0, 0]) Solution: [30, 4] [0, 0, 0, 0]
15 0.7145063877105713 Robot: (27, 21, [1, 1, 0, 0]) Solution: [27, 21] [1, 1, 0, 0]
35 1.668893814086914 Robot: (31, 27, [1, 1, 0, 0]) Solution: [31, 27] [1, 1, 0, 0]
13 0.6115686893463135 Robot: (12, 23, [0, 0, 1, 0]) Solution: [12, 23] [0, 0, 1, 0]
21 1.0183281898498535 Robot: (31, 21, [0, 1, 0, 0]) Solution: [31, 21] [0, 1, 0, 0]
20 0.9451417922973633 Robot: (25, 25, [1, 1, 0, 0]) Solution: [25, 25] [1, 1, 0, 0]
12 0.570854902267456 Robot: (7, 33, [1, 0, 1, 0]) Solution: [7, 33] [1, 0, 1, 0]
13 0.6354269981384277 Robot: (28, 15, [1, 0, 0, 0]) Solution: [28, 15] [1, 0, 0, 0]
16 0.7733979225158691 Robot: (15, 19, [0, 0, 0, 1]) Solution: [15, 19] [0, 0, 0, 1]
25 1.197387933731079 Robot: (21, 35, [0, 0, 0, 0]) Solution: [21, 35] [0, 0, 0, 0]
12 0.566781759262085 Robot: (23, 1, [1, 0, 0, 0]) Solution: [23, 1] [1, 0, 0, 0]
14 0.6601834297180176 Robot: (28, 1, [1, 0, 1, 0]) Solution: [28, 1] [1, 0, 1, 0]
13 0.6367917060852051 Robot: (16, 25, [1, 0, 1, 0]) Solution: [16, 25] [1, 0, 1, 0]
20 0.9471755027770996 Robot: (21, 1, [1, 0, 0, 0]) Solution: [21, 1] [1, 0, 0, 0]
24 1.1577064990997314 Robot: (26, 32, [0, 0, 1, 1]) Solution: [26, 32] [0, 0, 1, 1]
15 0.7103781700134277 Robot: (24, 35, [1, 0, 1, 0]) Solution: [24, 35] [1, 0, 1, 0]
11 0.5216541290283203 Robot: (19, 24, [0, 1, 0, 1]) Solution: [19, 24] [0, 1, 0, 1]
9 0.49975061416625977 Robot: (27, 32, [0, 0, 0, 0]) Solution: [27, 32] [0, 0, 0, 0]
18 1.0754430294036865 Robot: (1, 37, [0, 0, 1, 1]) Solution: [1, 37] [0, 0, 1, 1]
16 0.6231207847595215 Robot: (27, 5, [0, 1, 1, 0]) Solution: [27, 5] [0, 1, 1, 0]
12 0.3451838493347168 Robot: (9, 35, [0, 1, 1, 0]) Solution: [9, 35] [0, 1, 1, 0]
42 1.283703327178955 Robot: (17, 6, [0, 1, 0, 1]) Solution: [17, 6] [0, 1, 0, 1]
24 0.5735204219818115 Robot: (25, 33, [1, 1, 0, 0]) Solution: [25, 33] [1, 1, 0, 0]
13 0.3329451084136963 Robot: (5, 19, [0, 1, 0, 0]) Solution: [5, 19] [0, 1, 0, 0]
17 0.5872371196746826 Robot: (13, 8, [0, 1, 0, 1]) Solution: [13, 8] [0, 1, 0, 1]
14 0.35646581649780273 Robot: (8, 8, [0, 0, 0, 0]) Solution: [8, 8] [0, 0, 0, 0]
30 0.7700824737548828 Robot: (9, 27, [1, 0, 0, 1]) Solution: [9, 27] [1, 0, 0, 1]
38 0.9126026630401611 Robot: (30, 16, [0, 0, 0, 1]) Solution: [30, 16] [0, 0, 0, 1]
14 0.3340144157409668 Robot: (16, 31, [0, 0, 0, 0]) Solution: [16, 31] [0, 0, 0, 0]
17 0.43117666244506836 Robot: (6, 17, [0, 0, 0, 0]) Solution: [6, 17] [0, 0, 0, 0]
14 0.3497745990753174 Robot: (11, 8, [0, 1, 0, 0]) Solution: [11, 8] [0, 1, 0, 0]
9 0.2465357780456543 Robot: (1, 5, [0, 0, 0, 1]) Solution: [1, 5] [0, 0, 0, 1]
31 0.7730698585510254 Robot: (4, 26, [1, 1, 0, 0]) Solution: [4, 26] [1, 1, 0, 0]
22 0.5254013538360596 Robot: (15, 5, [1, 1, 0, 0]) Solution: [15, 5] [1, 1, 0, 0]
15 0.39291882514953613 Robot: (4, 27, [0, 0, 1, 0]) Solution: [4, 27] [0, 0, 1, 0]
18 0.4467337131500244 Robot: (3, 10, [0, 1, 0, 0]) Solution: [3, 10] [0, 1, 0, 0]
20 0.47097325325012207 Robot: (2, 21, [1, 0, 0, 0]) Solution: [2, 21] [1, 0, 0, 0]
17 0.4258437156677246 Robot: (23, 5, [1, 0, 1, 0]) Solution: [23, 5] [1, 0, 1, 0]
39 0.9210138320922852 Robot: (12, 10, [0, 1, 0, 1]) Solution: [12, 10] [0, 1, 0, 1]
24 0.5976278781890869 Robot: (2, 23, [0, 0, 1, 0]) Solution: [2, 23] [0, 0, 1, 0]
14 0.3336634635925293 Robot: (13, 9, [0, 0, 1, 0]) Solution: [13, 9] [0, 0, 1, 0]
47 1.1712191104888916 Robot: (15, 30, [0, 0, 0, 0]) Solution: [15, 30] [0, 0, 0, 0]
12 0.2874760627746582 Robot: (5, 5, [1, 1, 0, 0]) Solution: [5, 5] [1, 1, 0, 0]
14 0.38425254821777344 Robot: (23, 15, [1, 0, 0, 1]) Solution: [23, 15] [1, 0, 0, 1]
28 0.6945369243621826 Robot: (27, 21, [1, 1, 0, 0]) Solution: [27, 21] [1, 1, 0, 0]
9 0.2374575138092041 Robot: (7, 26, [0, 1, 0, 1]) Solution: [7, 26] [0, 1, 0, 1]
15 0.41306591033935547 Robot: (31, 24, [0, 1, 0, 1]) Solution: [31, 24] [0, 1, 0, 1]
40 0.9846744537353516 Robot: (2, 35, [1, 0, 1, 0]) Solution: [2, 35] [1, 0, 1, 0]
9 0.22017836570739746 Robot: (21, 14, [0, 1, 0, 0]) Solution: [21, 14] [0, 1, 0, 0]
21 0.5084609985351562 Robot: (1, 27, [0, 1, 0, 1]) Solution: [1, 27] [0, 1, 0, 1]
73 1.8742163181304932 Robot: (20, 4, [0, 1, 0, 0]) Solution: [20, 4] [0, 1, 0, 0]
17 0.9506323337554932 Robot: (14, 26, [0, 1, 0, 0]) Solution: [14, 26] [0, 1, 0, 0]
17 0.8800060749053955 Robot: (12, 9, [1, 0, 0, 0]) Solution: [12, 9] [1, 0, 0, 0]
20 1.0140631198883057 Robot: (7, 9, [0, 0, 0, 0]) Solution: [7, 9] [0, 0, 0, 0]
17 0.8612747192382812 Robot: (4, 15, [0, 0, 1, 0]) Solution: [4, 15] [0, 0, 1, 0]
29 1.3286733627319336 Robot: (31, 7, [0, 1, 0, 0]) Solution: [31, 7] [0, 1, 0, 0]
18 0.5998458862304688 Robot: (13, 15, [1, 0, 0, 0]) Solution: [13, 15] [1, 0, 0, 0]
27 0.8964712619781494 Robot: (20, 17, [0, 0, 0, 0]) Solution: [20, 17] [0, 0, 0, 0]
21 0.541175127029419 Robot: (15, 23, [0, 0, 0, 0]) Solution: [15, 23] [0, 0, 0, 0]
21 0.7308340072631836 Robot: (11, 35, [1, 0, 0, 1]) Solution: [11, 35] [1, 0, 0, 1]
22 0.6999084949493408 Robot: (13, 3, [0, 1, 0, 1]) Solution: [13, 3] [0, 1, 0, 1]
122 3.917250394821167 Robot: (12, 37, [1, 0, 1, 0]) Solution: [12, 37] [1, 0, 1, 0]
18 0.4523501396179199 Robot: (26, 1, [1, 0, 1, 0]) Solution: [26, 1] [1, 0, 1, 0]
12 0.3217504024505615 Robot: (6, 37, [0, 0, 1, 0]) Solution: [6, 37] [0, 0, 1, 0]
20 0.49041152000427246 Robot: (20, 19, [0, 0, 1, 0]) Solution: [20, 19] [0, 0, 1, 0]
11 0.2739090919494629 Robot: (7, 16, [0, 1, 0, 0]) Solution: [7, 16] [0, 1, 0, 0]
12 0.2823367118835449 Robot: (27, 34, [0, 0, 0, 1]) Solution: [27, 34] [0, 0, 0, 1]
18 0.4759178161621094 Robot: (6, 28, [0, 0, 0, 1]) Solution: [6, 28] [0, 0, 0, 1]
10 0.3453700542449951 Robot: (13, 29, [1, 0, 0, 0]) Solution: [13, 29] [1, 0, 0, 0]
10 0.31569695472717285 Robot: (16, 30, [0, 1, 0, 0]) Solution: [16, 30] [0, 1, 0, 0]
20 0.6081094741821289 Robot: (21, 23, [0, 0, 0, 0]) Solution: [21, 23] [0, 0, 0, 0]
16 0.4167945384979248 Robot: (31, 5, [0, 1, 0, 0]) Solution: [31, 5] [0, 1, 0, 0]
17 0.4399440288543701 Robot: (19, 3, [1, 0, 0, 1]) Solution: [19, 3] [1, 0, 0, 1]
13 0.35149598121643066 Robot: (1, 9, [0, 0, 1, 1]) Solution: [1, 9] [0, 0, 1, 1]
31 0.7825026512145996 Robot: (23, 25, [0, 0, 0, 0]) Solution: [23, 25] [0, 0, 0, 0]
14 0.3634154796600342 Robot: (30, 35, [0, 0, 1, 0]) Solution: [30, 35] [0, 0, 1, 0]
18 0.47319722175598145 Robot: (18, 30, [0, 0, 0, 1]) Solution: [18, 30] [0, 0, 0, 1]
29 0.7631387710571289 Robot: (19, 5, [0, 0, 0, 1]) Solution: [19, 5] [0, 0, 0, 1]
25 0.6256124973297119 Robot: (1, 13, [0, 0, 1, 1]) Solution: [1, 13] [0, 0, 1, 1]
12 0.31218600273132324 Robot: (7, 31, [0, 0, 1, 0]) Solution: [7, 31] [0, 0, 1, 0]
41 1.0499670505523682 Robot: (25, 37, [0, 0, 1, 0]) Solution: [25, 37] [0, 0, 1, 0]
19 0.48844051361083984 Robot: (24, 31, [1, 0, 0, 0]) Solution: [24, 31] [1, 0, 0, 0]
24 0.6505239009857178 Robot: (27, 23, [0, 0, 0, 0]) Solution: [27, 23] [0, 0, 0, 0]
9 0.2950625419616699 Robot: (18, 21, [1, 0, 1, 0]) Solution: [18, 21] [1, 0, 1, 0]
21 0.570507287979126 Robot: (26, 21, [0, 0, 1, 0]) Solution: [26, 21] [0, 0, 1, 0]
18 0.4800899028778076 Robot: (18, 30, [0, 0, 0, 1]) Solution: [18, 30] [0, 0, 0, 1]
32 0.8127341270446777 Robot: (7, 15, [1, 0, 0, 0]) Solution: [7, 15] [1, 0, 0, 0]
12 0.29523348808288574 Robot: (13, 17, [0, 1, 0, 0]) Solution: [13, 17] [0, 1, 0, 0]
14 0.35912084579467773 Robot: (15, 31, [0, 0, 0, 0]) Solution: [15, 31] [0, 0, 0, 0]
20 0.5073075294494629 Robot: (1, 25, [0, 0, 0, 1]) Solution: [1, 25] [0, 0, 0, 1]
19 0.4849231243133545 Robot: (17, 7, [0, 1, 0, 0]) Solution: [17, 7] [0, 1, 0, 0]
16 0.41342687606811523 Robot: (1, 25, [0, 0, 0, 1]) Solution: [1, 25] [0, 0, 0, 1]
11 0.3846251964569092 Robot: (14, 32, [0, 0, 1, 1]) Solution: [14, 32] [0, 0, 1, 1]
18 0.5351450443267822 Robot: (5, 24, [0, 1, 0, 0]) Solution: [5, 24] [0, 1, 0, 0]
14 0.5555822849273682 Robot: (26, 21, [0, 0, 1, 0]) Solution: [26, 21] [0, 0, 1, 0]
19 0.6920621395111084 Robot: (21, 7, [0, 0, 1, 0]) Solution: [21, 7] [0, 0, 1, 0]
24 0.653007984161377 Robot: (4, 12, [1, 1, 0, 1]) Solution: [4, 12] [1, 1, 0, 1]
15 0.37908005714416504 Robot: (3, 10, [0, 1, 0, 0]) Solution: [3, 10] [0, 1, 0, 0]
13 0.30750060081481934 Robot: (9, 33, [1, 1, 0, 0]) Solution: [9, 33] [1, 1, 0, 0]
15 0.3573753833770752 Robot: (25, 34, [0, 1, 0, 1]) Solution: [25, 34] [0, 1, 0, 1]
35 1.0771169662475586 Robot: (15, 15, [0, 0, 0, 0]) Solution: [15, 15] [0, 0, 0, 0]
27 0.9110507965087891 Robot: (13, 26, [0, 0, 0, 1]) Solution: [13, 26] [0, 0, 0, 1]
20 0.9982509613037109 Robot: (17, 5, [0, 1, 0, 1]) Solution: [17, 5] [0, 1, 0, 1]
10 0.40142393112182617 Robot: (13, 8, [0, 1, 0, 1]) Solution: [13, 8] [0, 1, 0, 1]
21 0.6858115196228027 Robot: (30, 34, [0, 0, 0, 1]) Solution: [30, 34] [0, 0, 0, 1]
12 0.6155316829681396 Robot: (1, 25, [0, 0, 0, 1]) Solution: [1, 25] [0, 0, 0, 1]
22 0.9484834671020508 Robot: (1, 1, [1, 0, 0, 1]) Solution: [1, 1] [1, 0, 0, 1]
16 0.4897651672363281 Robot: (28, 35, [0, 0, 0, 0]) Solution: [28, 35] [0, 0, 0, 0]
19 0.9770913124084473 Robot: (1, 29, [0, 0, 0, 1]) Solution: [1, 29] [0, 0, 0, 1]
10 0.4633030891418457 Robot: (12, 28, [1, 1, 0, 0]) Solution: [12, 28] [1, 1, 0, 0]
19 0.9181883335113525 Robot: (27, 5, [0, 1, 1, 0]) Solution: [27, 5] [0, 1, 1, 0]
18 0.8579511642456055 Robot: (9, 13, [1, 0, 0, 0]) Solution: [9, 13] [1, 0, 0, 0]
13 0.6370055675506592 Robot: (3, 21, [0, 1, 0, 0]) Solution: [3, 21] [0, 1, 0, 0]
13 0.6477103233337402 Robot: (12, 7, [0, 0, 1, 0]) Solution: [12, 7] [0, 0, 1, 0]
9 0.4202728271484375 Robot: (6, 37, [0, 0, 1, 0]) Solution: [6, 37] [0, 0, 1, 0]
9 0.4410512447357178 Robot: (8, 8, [0, 0, 0, 0]) Solution: [8, 8] [0, 0, 0, 0]
15 0.7306811809539795 Robot: (13, 21, [1, 0, 0, 0]) Solution: [13, 21] [1, 0, 0, 0]
19 0.8992743492126465 Robot: (31, 6, [0, 1, 0, 0]) Solution: [31, 6] [0, 1, 0, 0]
18 0.8802783489227295 Robot: (5, 9, [1, 0, 0, 1]) Solution: [5, 9] [1, 0, 0, 1]
15 0.7615985870361328 Robot: (1, 3, [0, 0, 0, 1]) Solution: [1, 3] [0, 0, 0, 1]
19 0.9602296352386475 Robot: (12, 29, [0, 0, 0, 0]) Solution: [12, 29] [0, 0, 0, 0]
27 1.3552954196929932 Robot: (27, 7, [1, 0, 0, 0]) Solution: [27, 7] [1, 0, 0, 0]
43 2.181083917617798 Robot: (1, 27, [0, 1, 0, 1]) Solution: [1, 27] [0, 1, 0, 1]
8 0.39971137046813965 Robot: (21, 27, [1, 0, 0, 0]) Solution: [21, 27] [1, 0, 0, 0]
19 0.9609911441802979 Robot: (5, 24, [0, 1, 0, 0]) Solution: [5, 24] [0, 1, 0, 0]
15 0.7581357955932617 Robot: (1, 12, [0, 0, 0, 1]) Solution: [1, 12] [0, 0, 0, 1]
29 1.465423345565796 Robot: (26, 9, [1, 0, 1, 0]) Solution: [26, 9] [1, 0, 1, 0]
23 1.1560492515563965 Robot: (24, 37, [1, 0, 1, 0]) Solution: [24, 37] [1, 0, 1, 0]
14 0.6993434429168701 Robot: (23, 7, [1, 0, 0, 0]) Solution: [23, 7] [1, 0, 0, 0]
14 0.7060806751251221 Robot: (6, 28, [0, 0, 0, 1]) Solution: [6, 28] [0, 0, 0, 1]
12 0.6012585163116455 Robot: (15, 29, [0, 0, 0, 0]) Solution: [15, 29] [0, 0, 0, 0]
21 1.0562703609466553 Robot: (9, 19, [0, 0, 1, 1]) Solution: [9, 19] [0, 0, 1, 1]
12 0.5988013744354248 Robot: (18, 19, [0, 0, 1, 0]) Solution: [18, 19] [0, 0, 1, 0]
19 0.980043888092041 Robot: (20, 5, [0, 0, 1, 0]) Solution: [20, 5] [0, 0, 1, 0]
20 0.7250399589538574 Robot: (29, 18, [0, 1, 0, 1]) Solution: [29, 18] [0, 1, 0, 1]
14 0.4019296169281006 Robot: (1, 3, [0, 0, 0, 1]) Solution: [1, 3] [0, 0, 0, 1]
28 0.9683058261871338 Robot: (10, 19, [1, 0, 1, 0]) Solution: [10, 19] [1, 0, 1, 0]
14 0.5003628730773926 Robot: (6, 18, [0, 0, 1, 0]) Solution: [6, 18] [0, 0, 1, 0]
10 0.24638772010803223 Robot: (23, 8, [0, 1, 0, 1]) Solution: [23, 8] [0, 1, 0, 1]
13 0.3296947479248047 Robot: (1, 3, [0, 0, 0, 1]) Solution: [1, 3] [0, 0, 0, 1]
16 0.5607156753540039 Robot: (25, 34, [0, 1, 0, 1]) Solution: [25, 34] [0, 1, 0, 1]
21 0.5617630481719971 Robot: (27, 18, [0, 1, 0, 1]) Solution: [27, 18] [0, 1, 0, 1]
21 0.7248730659484863 Robot: (10, 23, [0, 0, 1, 0]) Solution: [10, 23] [0, 0, 1, 0]
12 0.3235645294189453 Robot: (12, 35, [1, 0, 1, 0]) Solution: [12, 35] [1, 0, 1, 0]
16 0.5440182685852051 Robot: (7, 37, [0, 0, 1, 0]) Solution: [7, 37] [0, 0, 1, 0]
21 0.601128101348877 Robot: (11, 17, [0, 0, 1, 1]) Solution: [11, 17] [0, 0, 1, 1]
29 0.899634838104248 Robot: (15, 23, [0, 0, 0, 0]) Solution: [15, 23] [0, 0, 0, 0]
18 0.4847853183746338 Robot: (31, 2, [0, 1, 0, 1]) Solution: [31, 2] [0, 1, 0, 1]
15 0.38786816596984863 Robot: (30, 30, [0, 1, 0, 1]) Solution: [30, 30] [0, 1, 0, 1]
12 0.38820767402648926 Robot: (4, 26, [1, 1, 0, 0]) Solution: [4, 26] [1, 1, 0, 0]
19 0.4962782859802246 Robot: (31, 17, [0, 1, 0, 0]) Solution: [31, 17] [0, 1, 0, 0]
22 0.9779152870178223 Robot: (29, 4, [0, 0, 0, 1]) Solution: [29, 4] [0, 0, 0, 1]
12 0.4122748374938965 Robot: (26, 32, [0, 0, 1, 1]) Solution: [26, 32] [0, 0, 1, 1]
27 0.8887929916381836 Robot: (22, 21, [1, 0, 1, 0]) Solution: [22, 21] [1, 0, 1, 0]
13 0.38939952850341797 Robot: (22, 33, [1, 0, 1, 0]) Solution: [22, 33] [1, 0, 1, 0]
15 0.5871963500976562 Robot: (23, 25, [0, 0, 0, 0]) Solution: [23, 25] [0, 0, 0, 0]
23 0.7097170352935791 Robot: (14, 18, [1, 0, 1, 0]) Solution: [14, 18] [1, 0, 1, 0]
12 0.3536546230316162 Robot: (26, 24, [0, 0, 1, 1]) Solution: [26, 24] [0, 0, 1, 1]
41 1.4112043380737305 Robot: (12, 31, [0, 0, 1, 0]) Solution: [12, 31] [0, 0, 1, 0]
15 0.8225774765014648 Robot: (7, 36, [0, 0, 0, 0]) Solution: [7, 36] [0, 0, 0, 0]
9 0.35097765922546387 Robot: (13, 8, [0, 1, 0, 1]) Solution: [13, 8] [0, 1, 0, 1]
12 0.4603703022003174 Robot: (13, 16, [0, 0, 0, 1]) Solution: [13, 16] [0, 0, 0, 1]
11 0.3887484073638916 Robot: (14, 7, [1, 0, 1, 0]) Solution: [14, 7] [1, 0, 1, 0]
35 1.346665859222412 Robot: (25, 37, [0, 0, 1, 0]) Solution: [25, 37] [0, 0, 1, 0]
18 0.540916919708252 Robot: (17, 7, [0, 1, 0, 0]) Solution: [17, 7] [0, 1, 0, 0]
21 0.7020163536071777 Robot: (16, 3, [1, 0, 1, 0]) Solution: [16, 3] [1, 0, 1, 0]
16 0.6244549751281738 Robot: (6, 17, [0, 0, 0, 0]) Solution: [6, 17] [0, 0, 0, 0]
16 0.6710872650146484 Robot: (27, 16, [0, 0, 0, 1]) Solution: [27, 16] [0, 0, 0, 1]
18 0.4699215888977051 Robot: (9, 25, [1, 0, 1, 0]) Solution: [9, 25] [1, 0, 1, 0]
18 0.49599671363830566 Robot: (17, 14, [0, 0, 0, 1]) Solution: [17, 14] [0, 0, 0, 1]
12 0.28779149055480957 Robot: (11, 8, [0, 1, 0, 0]) Solution: [11, 8] [0, 1, 0, 0]
13 0.42498302459716797 Robot: (4, 17, [1, 0, 1, 0]) Solution: [4, 17] [1, 0, 1, 0]
21 1.0325860977172852 Robot: (31, 21, [0, 1, 0, 0]) Solution: [31, 21] [0, 1, 0, 0]
23 1.0513379573822021 Robot: (16, 34, [1, 1, 0, 0]) Solution: [16, 34] [1, 1, 0, 0]
13 0.4369351863861084 Robot: (27, 24, [0, 0, 0, 0]) Solution: [27, 24] [0, 0, 0, 0]
13 0.5295493602752686 Robot: (23, 23, [1, 0, 0, 0]) Solution: [23, 23] [1, 0, 0, 0]
15 0.5895392894744873 Robot: (13, 26, [0, 0, 0, 1]) Solution: [13, 26] [0, 0, 0, 1]
8 0.4216172695159912 Robot: (14, 31, [0, 0, 0, 0]) Solution: [14, 31] [0, 0, 0, 0]
81 2.5724244117736816 Robot: (11, 37, [0, 0, 1, 0]) Solution: [11, 37] [0, 0, 1, 0]
16 0.4356985092163086 Robot: (13, 33, [1, 1, 0, 0]) Solution: [13, 33] [1, 1, 0, 0]
10 0.24345827102661133 Robot: (21, 17, [1, 0, 1, 0]) Solution: [21, 17] [1, 0, 1, 0]
30 0.7780506610870361 Robot: (25, 34, [0, 1, 0, 1]) Solution: [25, 34] [0, 1, 0, 1]
41 1.0257346630096436 Robot: (25, 16, [0, 1, 0, 0]) Solution: [25, 16] [0, 1, 0, 0]
16 0.4106912612915039 Robot: (1, 21, [0, 0, 1, 1]) Solution: [1, 21] [0, 0, 1, 1]
13 0.34755873680114746 Robot: (27, 37, [1, 0, 1, 0]) Solution: [27, 37] [1, 0, 1, 0]
16 0.393892765045166 Robot: (23, 25, [0, 0, 0, 0]) Solution: [23, 25] [0, 0, 0, 0]
14 0.3527030944824219 Robot: (2, 5, [0, 0, 0, 0]) Solution: [2, 5] [0, 0, 0, 0]
23 0.586329460144043 Robot: (31, 9, [0, 1, 0, 0]) Solution: [31, 9] [0, 1, 0, 0]
14 0.371657133102417 Robot: (17, 33, [0, 0, 1, 1]) Solution: [17, 33] [0, 0, 1, 1]
24 0.629662036895752 Robot: (17, 25, [0, 0, 1, 0]) Solution: [17, 25] [0, 0, 1, 0]
14 0.35765695571899414 Robot: (26, 19, [1, 0, 0, 0]) Solution: [26, 19] [1, 0, 0, 0]
16 0.4046318531036377 Robot: (7, 29, [0, 0, 0, 0]) Solution: [7, 29] [0, 0, 0, 0]
17 0.4371492862701416 Robot: (14, 20, [1, 0, 0, 1]) Solution: [14, 20] [1, 0, 0, 1]
21 0.5279569625854492 Robot: (21, 31, [1, 1, 0, 0]) Solution: [21, 31] [1, 1, 0, 0]
24 0.6022670269012451 Robot: (12, 22, [0, 0, 0, 1]) Solution: [12, 22] [0, 0, 0, 1]
24 0.607527494430542 Robot: (21, 17, [1, 0, 1, 0]) Solution: [21, 17] [1, 0, 1, 0]
16 0.4006967544555664 Robot: (11, 36, [0, 1, 0, 1]) Solution: [11, 36] [0, 1, 0, 1]
12 0.30089306831359863 Robot: (23, 31, [0, 0, 1, 1]) Solution: [23, 31] [0, 0, 1, 1]
10 0.29618167877197266 Robot: (30, 3, [1, 0, 0, 0]) Solution: [30, 3] [1, 0, 0, 0]
23 0.6257827281951904 Robot: (5, 25, [0, 0, 1, 1]) Solution: [5, 25] [0, 0, 1, 1]
10 0.2660346031188965 Robot: (5, 11, [0, 0, 1, 1]) Solution: [5, 11] [0, 0, 1, 1]
10 0.2631068229675293 Robot: (22, 1, [1, 0, 1, 0]) Solution: [22, 1] [1, 0, 1, 0]
13 0.38644933700561523 Robot: (13, 4, [0, 1, 0, 1]) Solution: [13, 4] [0, 1, 0, 1]
15 0.4463343620300293 Robot: (26, 5, [0, 0, 1, 0]) Solution: [26, 5] [0, 0, 1, 0]
19 0.5482749938964844 Robot: (28, 31, [1, 0, 0, 0]) Solution: [28, 31] [1, 0, 0, 0]
17 0.4911506175994873 Robot: (26, 9, [1, 0, 1, 0]) Solution: [26, 9] [1, 0, 1, 0]
13 0.38861846923828125 Robot: (3, 24, [0, 0, 0, 1]) Solution: [3, 24] [0, 0, 0, 1]
10 0.3746612071990967 Robot: (22, 24, [0, 0, 0, 0]) Solution: [22, 24] [0, 0, 0, 0]
26 0.7231199741363525 Robot: (25, 7, [0, 0, 0, 0]) Solution: [25, 7] [0, 0, 0, 0]
13 0.5623104572296143 Robot: (5, 13, [1, 0, 1, 0]) Solution: [5, 13] [1, 0, 1, 0]
15 0.39212918281555176 Robot: (17, 25, [0, 0, 1, 0]) Solution: [17, 25] [0, 0, 1, 0]
19 0.5124373435974121 Robot: (21, 37, [0, 0, 1, 0]) Solution: [21, 37] [0, 0, 1, 0]
15 0.402843713760376 Robot: (14, 20, [1, 0, 0, 1]) Solution: [14, 20] [1, 0, 0, 1]
41 1.0426881313323975 Robot: (11, 37, [0, 0, 1, 0]) Solution: [11, 37] [0, 0, 1, 0]
23 0.6584551334381104 Robot: (23, 27, [0, 0, 0, 0]) Solution: [23, 27] [0, 0, 0, 0]
19 0.5162663459777832 Robot: (30, 9, [1, 0, 1, 0]) Solution: [30, 9] [1, 0, 1, 0]
29 0.7657589912414551 Robot: (20, 4, [0, 1, 0, 0]) Solution: [20, 4] [0, 1, 0, 0]
15 0.4144110679626465 Robot: (9, 17, [0, 1, 0, 1]) Solution: [9, 17] [0, 1, 0, 1]
15 0.3875010013580322 Robot: (13, 26, [0, 0, 0, 1]) Solution: [13, 26] [0, 0, 0, 1]
10 0.2639753818511963 Robot: (25, 35, [0, 1, 0, 0]) Solution: [25, 35] [0, 1, 0, 0]
21 0.5550336837768555 Robot: (16, 35, [0, 0, 1, 0]) Solution: [16, 35] [0, 0, 1, 0]
19 0.5915811061859131 Robot: (7, 10, [0, 1, 0, 1]) Solution: [7, 10] [0, 1, 0, 1]
12 0.38277506828308105 Robot: (2, 21, [1, 0, 0, 0]) Solution: [2, 21] [1, 0, 0, 0]
34 0.9966080188751221 Robot: (8, 29, [1, 0, 1, 0]) Solution: [8, 29] [1, 0, 1, 0]
30 0.846768856048584 Robot: (24, 26, [0, 0, 0, 0]) Solution: [24, 26] [0, 0, 0, 0]
13 0.3235452175140381 Robot: (23, 25, [0, 0, 0, 0]) Solution: [23, 25] [0, 0, 0, 0]
19 0.44826412200927734 Robot: (11, 8, [0, 1, 0, 0]) Solution: [11, 8] [0, 1, 0, 0]
25 0.8547213077545166 Robot: (20, 10, [0, 1, 1, 1]) Solution: [20, 10] [0, 1, 1, 1]
18 0.6981809139251709 Robot: (1, 1, [1, 0, 0, 1]) Solution: [1, 1] [1, 0, 0, 1]
26 0.8104312419891357 Robot: (15, 6, [0, 1, 0, 1]) Solution: [15, 6] [0, 1, 0, 1]
15 0.4484536647796631 Robot: (21, 27, [1, 0, 0, 0]) Solution: [21, 27] [1, 0, 0, 0]
15 0.475435733795166 Robot: (25, 9, [0, 0, 1, 1]) Solution: [25, 9] [0, 0, 1, 1]
10 0.32784581184387207 Robot: (25, 7, [0, 0, 0, 0]) Solution: [25, 7] [0, 0, 0, 0]
10 0.2772531509399414 Robot: (29, 23, [1, 1, 0, 0]) Solution: [29, 23] [1, 1, 0, 0]
37 1.0869996547698975 Robot: (9, 3, [0, 0, 0, 1]) Solution: [9, 3] [0, 0, 0, 1]
22 0.6940641403198242 Robot: (27, 21, [1, 1, 0, 0]) Solution: [27, 21] [1, 1, 0, 0]
18 0.5679793357849121 Robot: (19, 25, [0, 0, 0, 0]) Solution: [19, 25] [0, 0, 0, 0]
14 0.3575716018676758 Robot: (24, 23, [1, 0, 1, 0]) Solution: [24, 23] [1, 0, 1, 0]
12 0.3076941967010498 Robot: (31, 16, [0, 1, 0, 0]) Solution: [31, 16] [0, 1, 0, 0]
27 0.7928130626678467 Robot: (25, 33, [1, 1, 0, 0]) Solution: [25, 33] [1, 1, 0, 0]
14 0.5019450187683105 Robot: (29, 27, [1, 0, 1, 0]) Solution: [29, 27] [1, 0, 1, 0]
18 0.5952463150024414 Robot: (13, 31, [0, 0, 1, 0]) Solution: [13, 31] [0, 0, 1, 0]
14 0.6555807590484619 Robot: (31, 4, [0, 1, 0, 0]) Solution: [31, 4] [0, 1, 0, 0]
12 0.4660038948059082 Robot: (7, 30, [0, 1, 0, 1]) Solution: [7, 30] [0, 1, 0, 1]
22 0.5891551971435547 Robot: (21, 21, [1, 0, 0, 0]) Solution: [21, 21] [1, 0, 0, 0]
25 1.1101868152618408 Robot: (12, 28, [1, 1, 0, 0]) Solution: [12, 28] [1, 1, 0, 0]
11 0.4800760746002197 Robot: (7, 7, [1, 0, 0, 0]) Solution: [7, 7] [1, 0, 0, 0]
13 0.3686182498931885 Robot: (9, 6, [0, 1, 0, 1]) Solution: [9, 6] [0, 1, 0, 1]
14 0.39168596267700195 Robot: (1, 13, [0, 0, 1, 1]) Solution: [1, 13] [0, 0, 1, 1]
13 0.31235265731811523 Robot: (23, 24, [0, 1, 0, 0]) Solution: [23, 24] [0, 1, 0, 0]
30 0.856370210647583 Robot: (29, 9, [0, 0, 0, 1]) Solution: [29, 9] [0, 0, 0, 1]
13 0.36986398696899414 Robot: (15, 11, [1, 0, 0, 0]) Solution: [15, 11] [1, 0, 0, 0]
31 0.8632729053497314 Robot: (21, 37, [0, 0, 1, 0]) Solution: [21, 37] [0, 0, 1, 0]
11 0.35249757766723633 Robot: (20, 14, [0, 0, 0, 1]) Solution: [20, 14] [0, 0, 0, 1]
13 0.33545613288879395 Robot: (12, 30, [0, 0, 0, 1]) Solution: [12, 30] [0, 0, 0, 1]
25 0.7669100761413574 Robot: (7, 25, [1, 0, 0, 0]) Solution: [7, 25] [1, 0, 0, 0]
23 0.8195552825927734 Robot: (4, 5, [1, 0, 1, 0]) Solution: [4, 5] [1, 0, 1, 0]
14 0.4458305835723877 Robot: (21, 14, [0, 1, 0, 0]) Solution: [21, 14] [0, 1, 0, 0]
66 2.7314229011535645 Robot: (21, 36, [0, 1, 0, 1]) Solution: [21, 36] [0, 1, 0, 1]
15 0.4569833278656006 Robot: (18, 25, [1, 0, 1, 0]) Solution: [18, 25] [1, 0, 1, 0]
34 0.8266172409057617 Robot: (28, 1, [1, 0, 1, 0]) Solution: [28, 1] [1, 0, 1, 0]
13 0.3795437812805176 Robot: (29, 29, [1, 0, 1, 0]) Solution: [29, 29] [1, 0, 1, 0]
11 0.27732419967651367 Robot: (28, 24, [0, 0, 0, 0]) Solution: [28, 24] [0, 0, 0, 0]
36 0.878028154373169 Robot: (29, 13, [0, 1, 0, 0]) Solution: [29, 13] [0, 1, 0, 0]
23 0.6704022884368896 Robot: (8, 21, [1, 0, 1, 0]) Solution: [8, 21] [1, 0, 1, 0]
22 0.7563772201538086 Robot: (31, 4, [0, 1, 0, 0]) Solution: [31, 4] [0, 1, 0, 0]
23 0.6000595092773438 Robot: (23, 29, [0, 0, 0, 0]) Solution: [23, 29] [0, 0, 0, 0]
33 0.820235013961792 Robot: (21, 36, [0, 1, 0, 1]) Solution: [21, 36] [0, 1, 0, 1]
15 0.403883695602417 Robot: (14, 23, [1, 0, 1, 0]) Solution: [14, 23] [1, 0, 1, 0]
18 0.4344964027404785 Robot: (26, 27, [1, 0, 1, 0]) Solution: [26, 27] [1, 0, 1, 0]
9 0.21812105178833008 Robot: (31, 34, [0, 1, 0, 0]) Solution: [31, 34] [0, 1, 0, 0]
19 0.44949841499328613 Robot: (19, 19, [1, 0, 1, 0]) Solution: [19, 19] [1, 0, 1, 0]
19 0.46427297592163086 Robot: (7, 35, [1, 0, 0, 1]) Solution: [7, 35] [1, 0, 0, 1]
14 0.3432130813598633 Robot: (13, 19, [0, 1, 1, 0]) Solution: [13, 19] [0, 1, 1, 0]
21 0.5389761924743652 Robot: (30, 3, [1, 0, 0, 0]) Solution: [30, 3] [1, 0, 0, 0]
21 0.544736385345459 Robot: (31, 16, [0, 1, 0, 0]) Solution: [31, 16] [0, 1, 0, 0]
21 0.5041131973266602 Robot: (13, 35, [0, 1, 1, 0]) Solution: [13, 35] [0, 1, 1, 0]
22 0.5802116394042969 Robot: (12, 5, [1, 0, 0, 0]) Solution: [12, 5] [1, 0, 0, 0]
18 0.4326317310333252 Robot: (6, 32, [0, 1, 0, 0]) Solution: [6, 32] [0, 1, 0, 0]
27 0.6872472763061523 Robot: (30, 16, [0, 0, 0, 1]) Solution: [30, 16] [0, 0, 0, 1]
41 0.9828379154205322 Robot: (31, 5, [0, 1, 0, 0]) Solution: [31, 5] [0, 1, 0, 0]
15 0.3701033592224121 Robot: (7, 28, [0, 1, 0, 0]) Solution: [7, 28] [0, 1, 0, 0]
20 0.47696423530578613 Robot: (14, 5, [1, 0, 1, 0]) Solution: [14, 5] [1, 0, 1, 0]
20 0.48390817642211914 Robot: (15, 15, [0, 0, 0, 0]) Solution: [15, 15] [0, 0, 0, 0]
15 0.35918498039245605 Robot: (27, 4, [0, 1, 0, 0]) Solution: [27, 4] [0, 1, 0, 0]
16 0.38376379013061523 Robot: (20, 5, [0, 0, 1, 0]) Solution: [20, 5] [0, 0, 1, 0]
12 0.29686427116394043 Robot: (9, 21, [1, 0, 1, 0]) Solution: [9, 21] [1, 0, 1, 0]
13 0.6868772506713867 Robot: (14, 18, [1, 0, 1, 0]) Solution: [14, 18] [1, 0, 1, 0]
18 1.225541114807129 Robot: (17, 12, [0, 1, 0, 0]) Solution: [17, 12] [0, 1, 0, 0]
18 0.6806120872497559 Robot: (11, 17, [0, 0, 1, 1]) Solution: [11, 17] [0, 0, 1, 1]
22 1.179483413696289 Robot: (26, 29, [1, 0, 0, 0]) Solution: [26, 29] [1, 0, 0, 0]
12 0.6019954681396484 Robot: (27, 33, [0, 1, 0, 1]) Solution: [27, 33] [0, 1, 0, 1]
25 1.2093889713287354 Robot: (3, 25, [0, 1, 0, 0]) Solution: [3, 25] [0, 1, 0, 0]
19 0.8996748924255371 Robot: (21, 23, [0, 0, 0, 0]) Solution: [21, 23] [0, 0, 0, 0]
11 0.5358021259307861 Robot: (8, 34, [0, 0, 0, 1]) Solution: [8, 34] [0, 0, 0, 1]
15 0.7057681083679199 Robot: (11, 31, [1, 0, 0, 1]) Solution: [11, 31] [1, 0, 0, 1]
21 1.022268295288086 Robot: (10, 8, [1, 0, 1, 0]) Solution: [10, 8] [1, 0, 1, 0]
19 0.8964290618896484 Robot: (13, 22, [0, 1, 0, 0]) Solution: [13, 22] [0, 1, 0, 0]
23 1.113297700881958 Robot: (2, 3, [1, 0, 0, 0]) Solution: [2, 3] [1, 0, 0, 0]
11 0.5209646224975586 Robot: (7, 29, [0, 0, 0, 0]) Solution: [7, 29] [0, 0, 0, 0]
24 1.149001121520996 Robot: (23, 10, [0, 0, 0, 1]) Solution: [23, 10] [0, 0, 0, 1]
15 0.7072792053222656 Robot: (28, 25, [0, 0, 0, 0]) Solution: [28, 25] [0, 0, 0, 0]
8 0.3917107582092285 Robot: (19, 30, [0, 1, 0, 0]) Solution: [19, 30] [0, 1, 0, 0]
12 0.5678367614746094 Robot: (23, 13, [0, 0, 1, 0]) Solution: [23, 13] [0, 0, 1, 0]
57 2.715906858444214 Robot: (17, 13, [0, 1, 0, 1]) Solution: [17, 13] [0, 1, 0, 1]
9 0.43117237091064453 Robot: (28, 24, [0, 0, 0, 0]) Solution: [28, 24] [0, 0, 0, 0]
15 0.7054970264434814 Robot: (13, 7, [1, 0, 0, 0]) Solution: [13, 7] [1, 0, 0, 0]
14 0.670090913772583 Robot: (20, 13, [1, 0, 0, 0]) Solution: [20, 13] [1, 0, 0, 0]
14 0.6674726009368896 Robot: (28, 37, [0, 0, 1, 0]) Solution: [28, 37] [0, 0, 1, 0]
10 0.48205113410949707 Robot: (14, 31, [0, 0, 0, 0]) Solution: [14, 31] [0, 0, 0, 0]
45 2.151524543762207 Robot: (15, 33, [0, 1, 0, 1]) Solution: [15, 33] [0, 1, 0, 1]
17 0.7987003326416016 Robot: (30, 12, [1, 0, 1, 0]) Solution: [30, 12] [1, 0, 1, 0]
29 1.388059139251709 Robot: (15, 33, [0, 1, 0, 1]) Solution: [15, 33] [0, 1, 0, 1]
13 0.6258499622344971 Robot: (10, 8, [1, 0, 1, 0]) Solution: [10, 8] [1, 0, 1, 0]
26 1.2371485233306885 Robot: (12, 29, [0, 0, 0, 0]) Solution: [12, 29] [0, 0, 0, 0]
16 0.7632935047149658 Robot: (1, 30, [0, 1, 0, 1]) Solution: [1, 30] [0, 1, 0, 1]
22 1.0439677238464355 Robot: (13, 35, [0, 1, 1, 0]) Solution: [13, 35] [0, 1, 1, 0]
12 0.5692031383514404 Robot: (1, 27, [0, 1, 0, 1]) Solution: [1, 27] [0, 1, 0, 1]
15 0.7165501117706299 Robot: (7, 5, [0, 0, 1, 1]) Solution: [7, 5] [0, 0, 1, 1]
16 0.7695069313049316 Robot: (29, 1, [1, 0, 0, 0]) Solution: [29, 1] [1, 0, 0, 0]
23 1.0836398601531982 Robot: (9, 16, [0, 1, 0, 1]) Solution: [9, 16] [0, 1, 0, 1]
21 1.0203883647918701 Robot: (31, 31, [1, 1, 0, 0]) Solution: [31, 31] [1, 1, 0, 0]
15 0.7046561241149902 Robot: (17, 27, [1, 0, 0, 1]) Solution: [17, 27] [1, 0, 0, 1]
17 0.8146727085113525 Robot: (10, 10, [1, 1, 0, 1]) Solution: [10, 10] [1, 1, 0, 1]
28 1.3395192623138428 Robot: (2, 3, [1, 0, 0, 0]) Solution: [2, 3] [1, 0, 0, 0]
FINISH
Iterations:  1000
Map size (width height):  33 39
Mean of steps:  19.119
Mean of time per iteration:  0.6977946226596832
Median of steps:  17.0
Median of time per iteration:  0.5880470275878906
Total elapsed time:  732.0534856319427
Sensor reliability (higher is better):  0.8
